4.133342895384187088e+00
5.624972237802649033e+01
3.756127633691539813e+01
2.048092895471646102e+01
2.388589885717874495e+01
2.381476220816591649e+01
1.902396244535520964e+01
4.913664343186610495e+01
2.901259847833716776e+01
4.017616986103894305e+01
3.435746645001017896e+01
4.088007584570004838e+01
3.071867206188017008e+01
2.988802252621189837e+01
3.988649897002505895e+01
5.623884576126874890e+01
2.241383155810353855e+01
3.373295252649131726e+01
1.910129011683432054e+01
2.968938695765780267e+01
3.221613356154591656e+01
2.853927814234339166e+01
2.115112281730682753e+01
5.458461714014265453e+01
2.781538611275027506e+01
2.864447576404927531e+01
3.167699076959161175e+01
3.585222969208280119e+01
3.592332188302680152e+01
3.626103768786560977e+01
4.294474516943955678e+01
6.164888021834758547e+01
3.364532857918510445e+01
2.345348621617836216e+01
2.103228362247344307e+01
2.730266198282515688e+01
3.079361307529143232e+01
1.095060537686049429e+01
2.749226389694888439e+01
2.165221770733296580e+01
3.611954487660113955e+01
2.379439081982673088e+01
3.677320990414546031e+01
3.307543945659199380e+01
2.609608997095892846e+01
3.313249293768421921e+01
3.767385242413638480e+01
2.719809835639989615e+01
2.754476548614661624e+01
4.633535368946650124e+01
2.819163136032693728e+01
2.893987002820563248e+01
3.402491986736458784e+01
2.840538370859030692e+01
5.737449524996372929e+01
3.818987010279124661e+01
2.909850407936210104e+01
3.844482780386897502e+01
4.196691770772304153e+01
1.940410423674029516e+01
2.422565483156540722e+01
2.294347580437715806e+01
4.363858403152516985e+01
3.917456712798366425e+01
2.542171434012834652e+01
3.358128891157684848e+01
2.265013264777644508e+01
4.019490164433955215e+01
4.316051552494172938e+01
4.150256027070463460e+01
2.749802289436831870e+01
3.847097358676001022e+01
2.256396488724314509e+01
2.401734152642666231e+01
3.173940190204211831e+01
1.654670718908892013e+01
2.663497044090581767e+01
2.494082899535169418e+01
3.035507800127606970e+01
3.816595750859414693e+01
9.121792580140208884e+00
3.764480504409675632e+01
2.324821378758178980e+01
2.575166667999610581e+01
3.422471894664704450e+01
3.178378793055435381e+01
3.164889775476058276e+01
1.126536277031482314e+01
2.996838767508688761e+01
3.598403772608617146e+01
3.915964101392455632e+01
2.308452667856795415e+01
4.532817736241941020e+01
2.573527943929354933e+01
2.549896227417184491e+01
2.923387556061152281e+01
4.855018411759374430e+01
5.374061912316392409e+01
2.269120378293007434e+01
1.561854159204449388e+01
2.289610827198362131e+01
4.354796484070539009e+01
3.886705786078937308e+01
3.126554340059010428e+01
3.245593055486142475e+01
4.708261455128740636e+01
3.877290994552822667e+01
3.696746838782382838e+01
2.644890058694682011e+01
1.752325954704383548e+01
2.581728735512751882e+01
4.074202690421043371e+01
1.740760628267642574e+01
3.218868626002949895e+01
2.092497340334330147e+01
1.888160542093419281e+01
3.693718371783006660e+01
2.997403938675188328e+01
3.066419567987213668e+01
2.723455457244381250e+01
4.763963301956391660e+01
3.199547674493260274e+01
2.662628490777933621e+01
3.425454675545370264e+01
2.359476897055492373e+01
3.287763769582238638e+01
3.000078883126161600e+01
2.430675240526306879e+01
4.244206469795608427e+01
2.460990674727327132e+01
3.394302897903799021e+01
3.007020249899687769e+01
5.487191043222082953e+01
6.168760840048707905e+01
3.525958784591784934e+01
2.524977858199713410e+01
3.631872021292110730e+01
4.991899416399610345e+01
2.150900677116442239e+01
3.114947090185523848e+01
2.129186979010410141e+01
5.400424072394685027e+00
2.515485820755475288e+01
2.779709451898770567e+01
3.043895268632331863e+01
1.909730658914315882e+01
2.968076870565823810e+01
5.228412290646156180e+01
4.597693842956141452e+01
4.203468583390218782e+00
3.384970852800324792e+01
2.499591722145851236e+01
3.387933698526467197e+01
3.155213006622761895e+01
3.067239267937111435e+01
2.812645087437522307e+01
5.166291833642026177e+01
2.616037580560788456e+01
4.751463175607568701e+01
5.481773980065190699e+01
2.956424647111271042e+01
3.493785241792284069e+01
5.359624632063969329e+01
2.890797873880001134e+01
2.378315886094878806e+01
4.485946493883238873e+01
5.159694949130425812e+01
3.299139368162286701e+01
3.319528744800845743e+01
5.815921453166083666e+01
2.509890177655142907e+01
3.195964744396042079e+01
2.674488875091992668e+01
2.810655444459007413e+01
2.005043401189868746e+01
2.555686144745959609e+01
4.807919129565561889e+01
2.243000637060413283e+01
1.990365897926837135e+01
1.427023585272218043e+01
2.597660357746826776e+01
4.274934012342964706e+01
3.356148977560860658e+01
2.844625656606979192e+01
2.683770676313542936e+01
2.680253174289327944e+01
2.360832834694883786e+01
9.198407823574598297e+00
3.013471307251302278e+01
4.258109250349116337e+01
2.419090426340881095e+01
2.349801757235178457e+01
3.531993310325560742e+01
5.151150235805835109e+01
3.738436836162509280e+01
5.721848481624692795e+01
2.208982619120888558e+01
3.036003372702180059e+01
2.300319083884744487e+01
2.480022591163742618e+01
3.133279398922604742e+01
2.775664838491297814e+01
3.036418672088439052e+01
2.201692827083684278e+01
2.675024698409333723e+01
2.634443316977649374e+01
3.103860364351476164e+01
2.484579365120043803e+01
4.050484786664310377e+01
2.792963816990049963e+01
2.118604495807949206e+01
4.345539612538414076e+01
3.546702503540655016e+01
4.955710204063871060e+01
3.398885146332395379e+01
3.572084256989455753e+01
3.515568551462274627e+01
3.179432559379711165e+01
3.003136892506716293e+01
2.509354517347765068e+01
2.741014653431193437e+01
5.146151968757112627e+01
3.414290240515992991e+01
2.888919079791367039e+01
2.569903467772337535e+01
2.807500399570858463e+01
4.311053759147762321e+01
4.003169543719559442e+01
5.317688735025876667e+01
3.655639192182661645e+01
2.043178324505788623e+01
2.791323847863829144e+01
2.861258429881308984e+01
2.708508894879315676e+01
3.145030494529783027e+01
3.060836605608028549e+01
4.263163150625769049e+01
2.320384882034539942e+01
3.065880120320480273e+01
3.456645740352632856e+01
3.302402218305905990e+01
2.297711069054366817e+01
3.308389098989755439e+01
3.198299422522131863e+01
2.931025899490578013e+01
3.009000959430613875e+01
3.332753666303960927e+01
2.906684425604180433e+01
3.478720067418839790e+01
2.149807029833027627e+01
4.441195333492214559e+01
2.086630989673813019e+01
2.945200330168108849e+01
3.966595925075671403e+01
4.846296959489336587e+01
2.574133260632743259e+01
3.624935091750921856e+01
3.654240501693129772e+01
2.606006141299440060e+01
4.292353141958301421e+01
2.190569075674773103e+01
3.119654524846782806e+01
3.656826168448606040e+01
5.186824913439704687e+01
7.928754569552324938e+00
3.705027025965728171e+01
2.300745672276252662e+01
4.435761863411789818e+01
4.268451654127420625e+01
6.045229053413368092e+01
3.510572492055143812e+01
2.963942246760689159e+01
3.909654791315824696e+01
2.574750889785389063e+01
4.317800535694550490e+01
1.112440467985629766e+01
3.096496114434830815e+01
2.600444834212510159e+01
5.419947670284091146e+01
2.613749774051791519e+01
3.012605076167528750e+01
4.413174143862852361e+01
2.955517702718134387e+01
1.294571653091435515e+00
5.266468900865766045e+01
3.089472887291753977e+01
1.861501323900483840e+01
3.982274828778827214e+01
5.904375235299266933e+01
3.267346731880297739e+01
2.153447812640638404e+01
1.440088188982986139e+01
3.896046185468003387e+01
2.553804933320157033e+01
2.866009881522995784e+01
2.441240427800039470e+01
2.692626648069517614e+01
3.467868527560676739e+01
2.951743925843788929e+01
2.992800219680066220e+01
2.693280408479040489e+01
3.022567429210880618e+01
5.701896159078387427e+01
4.679911394583814399e+01
2.801596248487840057e+01
3.644406623252507416e+01
2.771280430625483859e+01
3.055049456196138635e+01
3.430073009375519177e+01
2.722439229013070872e+01
2.796142239910022909e+01
2.550861413946995526e+01
3.171960014310388942e+01
5.728688348758532811e+01
2.957370076610368415e+01
2.419513201574511641e+01
2.323306710316637691e+01
2.847614401259943406e+01
5.087385805027952301e+01
5.427544447772743297e+01
2.719395053093739989e+01
2.763461667715273506e+01
3.561118250161598553e+01
2.989700134967461054e+01
4.864867458266417088e+01
2.958036587540664186e+01
5.262496260270563653e+01
4.091789066498677130e+01
3.438294236125148018e+01
3.918449724356105435e+01
3.445863666796867619e+01
5.665314713988482254e+01
4.806238443468464538e+01
3.796102281595813110e+01
3.644157140495372005e+01
2.180985945683005411e+01
3.246861075820197584e+01
3.215660150804842488e+01
3.159650163156470626e+01
5.771124122239052667e+01
3.099842128829635612e+01
2.311341343113690527e+01
4.769999556664697593e+01
3.289985600592262927e+01
2.536415172373449423e+01
2.543656097718849196e+01
2.847570418305531348e+01
5.839178368276861875e+01
2.901069647739825541e+01
2.497283414222920328e+01
3.063533572829601326e+01
2.990635451911373366e+01
2.424381751818532393e+01
2.719614523603866019e+01
3.040868687120746472e+01
2.548252104725045797e+01
3.064128551056273864e+01
2.369491096934268626e+00
2.952354877814877909e+01
4.314499614529995597e+01
2.277611911548092394e+01
3.379213933676510351e+01
2.517172754080093000e+01
3.503432261043508333e+01
3.901872557330352720e+01
2.593905361882752914e+01
4.720292179215175565e+01
2.530912353281019023e+01
2.513235681302830926e+01
5.259930966652245843e+01
2.096676061165555893e+01
3.623023504540287831e+01
2.030937690338578250e+01
2.900402228849550212e+01
6.137589915495027526e+00
3.502826090002599813e+01
2.373559542011071244e+01
3.002693914912742912e+01
2.445082374812136550e+01
2.426972303617139914e+01
2.845243248267979652e+01
2.679650584825412807e+01
2.665434682957129553e+01
2.083182238112203777e+01
4.741743961518659489e+01
6.150508830520539050e+01
5.489800268568615138e+01
2.124569535901946438e+01
4.244112475085785263e+01
2.785802934884213755e+01
2.426292119151457882e+01
2.662090064397580136e+01
2.385762686661217913e+01
2.318830138770340454e+01
4.730647393699473469e+01
1.712586381721146722e+01
5.038771441832907527e+01
2.896092548855449422e+01
2.668797512285402718e+01
2.797562637860846735e+01
3.009648297322746657e+01
3.626271022528817412e+01
2.901034212467766338e+01
3.134701854265586007e+01
2.901277223026136198e+01
3.253694261140276467e+01
2.515856268662400907e+01
5.716884914679212670e+01
3.218752649095949891e+01
2.427880055091827671e+01
3.966449595862832211e+01
1.328238552069160505e+01
4.313024837408011081e+01
4.035217076072876807e+01
2.424611254832359464e+01
2.854146049669907370e+01
2.493631499880621050e+01
3.910326143716520164e+01
2.682469842134423743e+01
2.966615186020999317e+01
2.341011253116289481e+01
2.446840480543394847e+01
3.616324348779744469e+01
2.448245173646319017e+01
5.119005552623275435e+01
3.661675922268295835e+01
2.815789843702373219e+01
2.462445927124372247e+01
2.001140610186371305e+01
3.023569354791834485e+01
2.796308699115411400e+01
5.267920687190598983e+01
5.092022951337094128e+01
2.748279413994714560e+01
5.716591288669587811e+01
1.357726731881803062e+01
3.857692886423683376e+01
3.411789533224145998e+01
2.010935421684007451e+01
2.497233037714454440e+01
6.108376863681769464e+00
2.133842638629812427e+01
3.841159483713090594e+01
2.545512211425432270e+01
3.437845390583606786e+01
4.504326263788243523e+01
2.963428963365640811e+01
1.719402894241102331e+01
2.941641028196227126e+01
3.691724563856337227e+01
4.140435414926054136e+01
1.898464475707078236e+01
1.309071897604735568e+01
5.956049441224968177e+01
3.145973369847558843e+01
2.455827893001355733e+01
2.635299583208143304e+01
3.046678353757897639e+01
1.069462700029180269e+01
3.441994439052450616e+01
2.806725441679282085e+01
2.287580171914260063e+01
3.459456871653537746e+01
6.268472126466349437e+01
4.860944976847895305e+01
4.364011726219723641e+01
2.339498820195012740e+01
2.793131410295620753e+01
5.459726073854835704e+01
5.267017323897016468e+01
5.790394070476941124e+01
3.993671350176100532e+01
2.419129047478804750e+01
5.648137938131753799e+00
3.019627543089882238e+01
5.449715977063533501e+01
2.217387520668182788e+01
1.947271555083534622e+01
2.275257661453883884e+01
3.818788111718686196e+01
3.384541241951410484e+01
2.676120301239370747e+01
3.940844305482642085e+01
2.556752259718950882e+01
3.272603937876556301e+01
3.893175773706843756e+01
3.298875701325778209e+01
3.039633109490023344e+01
2.110785932380440499e+01
3.090430429068146623e+01
2.783739127538137836e+01
3.462536128510964772e+01
3.614549081440463851e+01
3.629563102021802479e+01
3.037802893068237609e+01
2.892217920819894061e+01
2.768449172191594698e+01
3.283885948622264550e+01
2.219385320461231004e+01
2.284549753847932152e+01
3.256297609435569029e+01
2.293202090215709177e+01
4.073616232680069515e+01
6.045715838848718704e+01
4.462072040873135848e+01
4.609065183546044864e+01
2.997673129378063095e+01
2.944767599009651349e+01
4.537065087634073279e+01
3.531312605362927570e+01
2.907012547866861496e+01
2.236511826437595118e+01
3.575855433671495121e+01
2.822274761504377238e+01
2.564028685991070233e+01
3.555936664306500461e+01
4.857300569865037687e+01
2.252192064615792333e+01
2.781682130945091558e+01
2.724090223256916943e+01
4.204478856478635862e+01
3.206925523782547316e+01
3.294352714173510321e+01
5.411872068508091616e+01
3.372786816723100856e+01
3.250972077936603455e+01
4.982367816223631962e+01
2.875828728414853686e+01
3.279182218074129196e+01
2.371219053145466660e+01
3.443588258155068615e+01
3.153305783851919841e+01
2.986750175004408447e+01
2.584039822594058933e+01
3.059097769142863399e+01
3.053872386208058742e+01
2.157346528989000944e+01
2.908841025729270768e+01
3.217005938119245911e+01
2.660943008399431164e+01
3.425006632240911131e+01
3.478281453631825570e+01
5.683857670778525062e+01
2.354851679461444292e+01
3.940868246775062289e+01
3.039997665957707795e+01
3.058872859030225300e+01
4.573972642487933626e+01
4.392660741952568060e+01
2.830419281353897532e+01
3.105649202503309425e+01
2.602492303844428534e+01
4.562088390063581755e+01
5.888768407207044220e+01
4.979864510945878919e+01
2.219904539619142270e+01
2.668493037476855534e+01
2.329640543435266409e+01
7.385240916052225657e+00
3.063660949196491856e+01
2.879422090151547309e+01
2.732536128239007667e+01
2.396497278643892059e+01
6.082634335829607153e+01
2.753663494939155498e+01
2.660084926170384279e+01
2.220182645089198559e+01
1.900986171526164981e+01
1.387206394742861448e+01
2.708867846201746943e+01
3.215929004870031349e+01
5.843191668495455815e+01
2.104117445256895280e+01
1.615387078210369509e+01
2.570972227395850496e+01
2.535105614480926306e+01
2.937023873209182057e+01
3.626024856827291387e+01
2.764723321746578222e+01
2.198081328192608908e+01
1.532524754539554124e+01
4.744147934043576242e+01
3.175183047627183441e+01
5.382610462751108571e+01
4.436670991278333531e+01
2.924921575582266087e+01
3.109535743235028349e+01
4.906611484077802743e+01
2.141885479189113539e+01
3.294814792018587468e+01
5.552422370698828047e+01
2.615553666830510338e+01
2.407532706924166632e+01
2.559269159639006830e+01
2.433704125599501822e+01
1.760392713778037432e+01
2.681837898828780453e+01
2.707734739207853636e+01
4.222749662331443687e+01
3.931341032507771160e+01
2.968854121852473327e+01
2.291790082856823574e+01
3.025009162670426122e+01
2.119008022648472434e+01
2.381721428883133740e+01
4.694637520040669187e+01
2.984478755363670643e+01
3.071597073266639200e+01
4.596966247120508342e+01
2.545839085200123009e+01
2.791136913705122424e+01
3.581119887755266973e+01
2.350516588423261055e+01
6.064058342857242678e+01
4.144389444546686718e+01
1.063522640521296125e+01
2.314286432140471561e+01
2.847830264077083484e+01
3.080619129576189152e+01
2.724856947738771851e+01
2.016030367094890607e+01
8.900052877875737067e+00
3.052884615922903322e+01
3.328938379324245034e+01
2.517392345033022139e+01
4.409996629124361789e+01
3.080591426305909408e+01
3.819752484218406607e+01
4.280161230772500858e+01
3.057649838149700372e+01
4.914423594467189105e+01
2.111623669900484401e+01
2.523650204312889400e+01
8.472295260070040968e+00
2.467773734753973258e+01
3.589760871244652662e+01
2.279067861935186556e+01
2.885102634892120932e+01
3.763771026848371548e+01
2.816486685423114977e+01
2.424606665800638439e+01
5.731508499915071297e+01
2.764805151543544071e+01
4.145629188958264422e+01
2.867698001185541301e+01
2.748195839004620211e+01
3.057047534941386857e+01
4.292817063929396681e+01
2.576597009203669586e+01
6.471446675181596220e+00
2.185443563421745239e+01
3.187444775565290911e+01
4.970089731915365405e+00
3.256334634724544230e+01
3.488112981462609241e+01
3.078473210958679829e+01
5.644538083333827672e+01
2.376090807142281847e+01
3.262167145946114033e+01
5.510484603093573241e+01
4.766582302935421467e+01
4.327020733085373649e+01
3.472444420259603248e+01
2.345932492310294037e+01
4.845318260728163295e+01
5.521684699051002099e+01
4.038440242760771071e+01
2.519166760323332710e+01
4.064561887652234873e+01
3.367116586008341983e+01
3.531267905951790453e+01
2.731332967230991926e+01
2.450476504726862004e+01
9.228469593232148327e+00
4.469475682060874533e+01
3.822108294393183314e+01
3.003604498309050541e+01
2.619843247316975976e+01
4.873858747491249233e+01
2.628173431016830364e+01
3.090384789781091968e+01
2.852927482346363774e+01
2.001248020633647684e+01
2.258280714488682861e+01
3.969287698436528444e+01
3.090603442235305920e+01
2.654245160425389827e+01
1.326360044708417263e+01
4.632152197084724321e+01
3.389039079360009055e+01
5.200397078924424932e+00
2.577982487577776283e+01
5.562236442039193207e+00
2.841827059785555321e+01
2.889246881172948633e+01
2.884171545239814805e+01
2.446928070266494615e+01
2.080275480581963166e+01
2.309745484435025276e+01
2.525459057195172363e+01
2.735215532364418323e+01
3.138478242218025116e+01
3.394159742898773402e+01
2.138784884884262283e+01
2.873996449463993486e+01
1.588357694064052339e+01
1.731057814616451651e+01
4.174738924011035124e+01
2.154936226263086496e+01
9.774763535540841985e+00
1.796429416124556155e+01
4.618480097588872013e+01
5.390028310604611761e+01
2.545157457537698065e+01
3.438100073428904579e+01
3.068406026066622871e+01
2.799159317417627335e+01
4.096632127061457140e+01
2.970532088842446683e+01
5.857778408205194864e+01
3.471138957139646664e+01
4.897096267937740777e+01
6.044082863312542031e+01
2.360767698110112178e+01
1.696791411966478336e+01
4.831291426530515309e+01
3.664329063186232815e+01
2.283558311267734098e+01
3.810308213998177962e+01
3.791209939070722612e+01
2.769177602541185479e+01
2.868275202007498592e+01
2.802998368193493661e+01
4.010445778594294097e+01
2.867134885125096844e+01
3.031625499199549267e+01
4.569656536232287181e+01
3.756208275081098691e+01
4.868132291963985381e+01
2.641278218819570611e+01
1.840207790394333642e+01
3.586424806507193352e+01
4.266679661151283653e+01
2.772921850921011355e+01
3.126130593349262199e+01
2.668377128774591256e+01
2.369194897951626899e+01
2.357459064866452536e+01
3.140636284182346571e+01
4.434518185225169873e+01
5.093158533758105477e+01
3.525433823828188906e+01
3.248088207111140946e+01
3.716894571666489355e+01
2.547670435823465596e+01
3.143849425493772287e+01
2.920393190543131823e+01
2.681481852594174597e+01
2.886322112757261493e+01
4.347352585175394779e+01
2.140074454109509361e+00
2.218487742793786310e+01
3.536803481640527025e+01
1.999965295510054375e+01
1.914209659518564877e+01
4.388679174729259103e+01
2.754777068267867435e+01
4.435521953452553134e+01
3.765665575557250122e+01
4.884416379428694199e+01
2.666007955828536069e+01
2.428393990494078025e+01
3.164934066473688290e+01
2.516574380471865879e+01
2.435674042963728425e+01
5.132003549143155396e+01
3.466248538731633744e+01
2.801804996072496579e+01
2.637426980278542032e+01
2.352026119095535250e+01
2.444542941192048602e+01
7.206881033783815838e+00
1.592461386986087746e+01
2.772731540522454452e+01
1.925875991848215563e+01
3.223688978722452703e+01
3.252328025432143477e+01
2.608564617714773703e+01
2.945118114383876673e+01
2.754275453818900132e+01
2.851246813628165455e+00
4.019196961337547691e+01
3.287404932943172753e+01
2.588189135972061194e+01
1.334707435505879403e+01
5.535169644072448136e+01
6.047535010640422115e+01
2.785689517238574808e+01
3.273197230444566230e+01
4.910446340029233525e+00
1.816374749228920393e+00
2.452184759874364772e+01
6.638612130036641190e+00
2.147200564530430711e+01
4.758222285981901223e+01
2.452748675264638223e+01
2.822965605699619118e+01
2.985058848500011663e+01
3.128159788279333497e+01
2.743885156138958337e+01
2.277278091236098589e+01
3.431801691575765290e+01
3.833173715543489379e+01
4.034519147158061969e+01
2.811848050848129787e+01
2.582724098352615272e+01
6.946881550785661830e+00
3.720673162601269723e+01
3.973779729656780546e+01
4.768289430242839444e+01
4.363535500798570865e+01
2.640750124106853036e+01
4.464375940159061429e+01
4.035286954523326131e+01
6.043946536754083354e+01
3.554152817806289022e+01
1.482611576090675953e+01
3.035209723861044040e+01
5.830666186223243130e+01
4.324328525330929551e+01
2.207352169402292930e+01
2.338051157786578926e+01
4.271383590684854425e+01
2.584812706682794214e+01
4.936800437975125533e+01
3.019593606397188523e+01
3.194481751535215608e+01
2.856603525910122698e+01
4.725259662701500929e+01
3.478613191723889031e+01
2.923339058241981547e+01
2.760081597823136690e+01
2.965207130216185760e+01
2.766604422506952687e+01
2.345716499856553128e+01
2.592814994279319762e+01
4.320079173822159646e+01
2.790198704545673536e+01
2.575395194016391542e+01
5.638113498502934817e+01
3.959672026002226630e+01
3.010218228100029592e+01
5.326283585007172405e+01
3.942935980561742326e+01
3.250488817249970452e+01
2.433663937167330005e+01
3.044248375340112034e+01
2.920080294413855881e+01
1.302653722967806971e+01
2.976673588414087135e+01
3.698515408535013194e+01
2.988197212193836094e+01
3.581371436658446328e+01
2.397181374418141786e+01
4.010998638068485889e+01
4.254812842408591678e+01
4.010977660826029023e+01
3.991581187427073019e+01
2.836421779105330643e+01
3.572484575785347261e+01
3.396893040023314825e+01
5.548626475995433793e+00
3.490026334738922742e+01
3.716868272023748432e+01
2.648048832915509365e+01
3.749873501694310107e+01
5.707984813290941872e+00
2.191836866506218939e+01
2.332316143336720415e+01
2.962131088815135627e+01
2.969509442279559153e+01
2.145205450613502762e+01
2.524479403133909727e+01
3.050831907117049013e+01
6.126630306488550559e+01
2.773650148024835005e+01
3.844224443479060938e+01
4.585332239130548260e+01
3.376612678366245746e+01
2.621555770950863007e+01
2.865684011242410634e+01
2.190726752282250800e+01
2.139672908439570165e+01
2.072014996928425035e+01
3.860094884466525400e+01
3.559723481700802949e+01
2.889593597424573090e+01
4.362687816487050441e+01
3.121562254504260636e+01
3.649804378708449804e+01
1.366720794139564532e+01
3.293102851843127610e+01
1.991646802094487612e+01
1.614753220598686312e+01
3.006998327747169242e+01
2.750620556346257217e+01
3.297087051741755204e+01
2.401353259830102616e+01
2.590071645742227702e+01
2.345940336691046468e+01
1.992400129324562386e+01
3.181248735377448611e+01
2.665080395209497510e+01
2.721763751946491539e+01
5.311800741597471642e+01
2.639093676303673419e+01
2.508993411422443387e+01
2.894024904027173761e+01
2.118961474500247277e+01
5.342113820779377420e+01
2.810553411104319821e+01
1.920183899894345814e+01
1.905051186327000323e+01
3.854202823114610510e+01
5.005559817235916853e+01
4.659815120244456921e+01
4.901392081402082113e+01
2.549351255803412641e+01
2.331091470608521377e+01
3.160845008549677004e+01
2.589549799418455223e+01
1.447792265796016409e+01
2.714943381522607524e+01
2.502535595059953266e+01
2.762401620978926076e+01
1.628682309914802318e+01
3.050259458137588808e+01
2.678288248302396823e+01
4.923349786196195055e+01
1.932254082259277084e+01
3.461865097113907552e+00
6.520890746779507197e+00
2.713204726807836664e+01
3.289382150084384193e+01
2.796204857899283525e+01
6.062063879014795020e+01
4.136834533256842406e+01
3.136044644599314779e+01
3.215490108339872677e+01
2.288083309064199966e+01
4.079229247318289708e+01
2.196758908430990687e+01
2.827251896142843179e+01
1.498544136196142063e+01
3.874748419042043679e+01
2.032720810042837911e+01
3.175634867573489828e+01
2.781594929869743282e+01
2.781708391810525427e+01
3.537537561409044429e+01
3.131207961172549403e+00
3.694255995417915983e+01
2.825015022374645923e+01
3.025841065448912559e+01
2.640641516178430948e+01
3.348401148350194489e+01
3.435290703333157580e+01
3.193489375693121701e+01
3.991503065855704335e+01
5.058014375121274497e+01
3.141326259498896434e+01
1.514513788757767543e+01
2.200521296397818105e+01
4.587099759675038513e+01
3.915805669388282695e+01
2.436384036900199135e+01
3.217188161234207655e+01
3.239635962418833515e+01
7.165884887223394450e+00
3.660648872709407442e+01
4.426546395469449635e+01
2.380837436556612374e+01
3.427045528978396760e+01
5.251579270410911704e+01
3.637591982823551007e+01
2.512664857589265921e+01
2.402973942766470827e+01
2.758780591293998441e+01
3.235962413698143791e+01
3.320223706045027257e+01
3.332826270922623735e+01
2.735197458722723240e+01
3.045809163181183976e+01
3.733004903758410364e+01
3.581452572427951964e+01
2.966416422640395467e+01
3.890268545710205217e+01
2.305928958170113674e+01
3.555073562795496400e+01
1.981098945474377615e+01
2.971125254948128713e+01
3.194849839008520576e+01
2.535791739689557289e+01
3.741976308005223473e+01
4.413542065246292623e+01
2.432299184928024260e+01
3.594544936490274267e+01
3.823319567023827403e+01
3.051523845372867072e+01
3.452026711490907473e+01
5.747936618176754564e+01
3.416360972780512384e+01
1.810085066226042727e+01
5.267172831270704592e+01
2.968273796417634003e+01
3.366841059565376781e+01
2.817148535135493148e+01
3.468886394776200177e+01
9.934341075490010553e+00
2.443545357329395529e+01
1.041099424452164612e+01
3.571349477712647058e+01
3.083953546182328864e+01
3.022598470719549368e+01
5.447677544643011061e+01
2.983173116362740984e+01
5.530368748044566019e+01
2.673323607001475466e+01
3.086927512628426484e+01
2.952748616540338844e+01
3.235305662498558377e+01
4.022080591705707775e+01
3.344433073140862689e+01
5.227802194519426848e+01
3.713400618307787227e+01
3.481684663685155101e+01
2.333785979594767923e+01
4.517002523639530409e+01
2.998958916142919406e+01
3.371451124866416649e+01
3.120544949466693652e+01
3.494938466402527411e+01
2.298211721858024248e+01
8.539225247473950731e+00
5.208473206207781914e+01
3.780543624094570987e+01
2.855609791951064835e+01
4.497122831113665598e+01
2.717885587053751806e+01
2.692180090904935241e+01
3.007824717839594086e+01
5.548293454392114654e+01
3.265810785061603383e+01
2.914535008099119295e+01
1.632036999101728725e+01
3.681965708394454850e+01
2.502205444354194697e+01
3.548794700670305247e+01
2.342130746492148319e+01
4.757361049910878137e+01
3.645642732897249516e+01
3.175729288225556957e+01
2.315362976906737913e+01
1.108073155426142709e+00
4.683859667950673611e+01
5.940414105068703066e+01
2.419867204290562768e+01
3.028363393559629912e+01
3.651597916465016169e+01
3.788328810931329826e+01
3.146726410250630579e+01
3.462111758734999967e+01
2.540747817730698443e+01
2.427854140873203903e+01
2.698218147998659333e+01
3.045418653622130023e+01
2.633446095033650636e+01
1.094117991276834800e+01
2.326717873778409285e+01
2.918464020036481088e+01
2.251922251814653464e+01
4.628787038654263597e+01
2.403106867604856234e+01
2.206784283424576643e+01
3.477038728691331926e+01
3.541202946818384589e+01
4.360265068015723955e+01
2.297840892479030117e+01
2.529427909950754838e+01
2.555753169703547201e+01
2.092413153115558089e+01
3.005089213087956068e+01
2.143812900327941406e+01
2.574015154660037297e+01
4.680466620249353582e+01
3.030198822570037009e+01
2.843319762834343578e+01
3.211796702789979463e+01
2.853400322997049443e+01
3.775280092166576651e+01
2.395276241743158607e+01
2.158302842739294647e+01
2.866047113722379436e+01
3.506479585044689884e+01
3.327518283880272065e+01
6.114799057743039157e+01
2.571879683833594754e+01
4.549364627444992948e+01
4.734261637660165434e+01
3.026579540130933310e+01
2.400076526407042365e+01
5.586035656724197906e+01
3.994374564157442364e+01
4.102849747897562338e+01
4.402880637432190269e+00
2.744656840304014622e+01
1.164562342735280254e+01
3.249807950282047386e+01
4.114503728953422979e+01
3.256540013676703893e+01
2.500109948029580664e+01
3.829033585383149330e+01
3.637247843708610162e+01
2.664473647939189505e+01
3.550801945568389328e+01
3.126595328724215506e+01
6.357289154281897936e+01
2.728325631154029907e+01
5.638985398840304697e+01
5.452583483990201785e+01
2.230243561063161906e+01
2.838366992693204338e+01
2.690092993918005959e+01
3.520511948036437389e+01
3.384155269209531980e+01
2.788008787815851974e+01
2.406965383307760931e+01
5.309583674612076720e+01
4.202115372672415106e+01
4.262210798796513700e+01
4.175578396799119218e+01
2.744310667170975648e+01
2.339896750892933142e+01
4.800718141727443822e+00
4.301092696840169083e+01
4.988367985606600996e+01
3.223295761622921418e+01
2.254243105474529330e+01
1.302750794072903773e+01
3.696435354565710441e+01
4.657604867222744360e+01
1.278149341720654775e+01
5.720684196237209562e+01
3.354244195964201936e+01
2.366944957495161361e+01
2.668464923181409176e+01
3.108171675942867296e+01
2.084881300424967776e+01
3.090332479337757832e+01
3.193280321392012411e+01
3.043456169760611374e+01
2.350310827184966911e+01
2.448214300250469933e+01
2.404205375029596325e+01
8.733308454702637391e+00
1.699703203041771360e+00
4.108217565604718402e+01
2.623170802232561982e+01
3.555832591188664082e+01
3.957254425640712725e+01
5.848612976905133110e+01
4.005188965563866077e+01
3.002712595221055381e+01
3.278071072938291763e+01
4.954592775186824838e+00
2.860197734407131520e+01
4.177797102805561735e+01
5.443188561282113369e+01
9.134653657688431849e+00
2.910976346241841384e+01
3.085645415807448444e+01
4.301092419414908363e+01
3.258331258089492621e+01
1.966111496665826053e+01
3.431072577724194161e+00
3.295966366121592728e+01
3.171108968264343275e+01
2.491479729083539496e+01
9.850392871132498840e+00
3.367601251509768190e+01
3.985801697773968044e+01
5.927558391437628416e+00
2.919588817877206566e+01
5.736041462347202469e+00
3.670323597318565589e+01
2.049467707118240511e+01
4.822224727614593576e+01
4.886423581327903776e+00
3.274989816709785373e+01
3.977509872750124487e+01
4.603750435297115473e+01
6.020892966323188489e+00
2.527259914494879922e+01
5.067635135491163290e+00
3.546510731559828855e+01
2.536516764965745097e+01
2.702891551706352402e+01
2.192599488203563851e+01
3.570228396850870922e+01
2.289001755831532137e+01
2.906687723275285862e+01
2.160145106779418711e+01
3.828647950114100240e+01
2.808697060757322106e+01
2.258866447437185343e+01
3.527701842433452839e+01
4.550074493491592875e+01
1.426524309862728046e+01
3.168344274629271240e+01
2.839208529666211689e+01
2.813227827375487422e+01
5.492237975796160754e+01
4.391304710133408662e+01
6.173170789473442710e+01
4.468687241874431493e+01
2.718538441074178991e+01
8.185413824643546832e+00
3.177267247763472824e+01
2.278186673641562265e+01
2.539038056819026679e+01
2.473819810090481042e+01
1.912630839129997185e+01
3.026168042952576798e+01
3.363415814079598931e+01
3.079586819471126091e+01
5.833750884201014841e+00
2.509381929613118700e+01
4.531218458624664436e+00
3.592537805282336194e+01
3.036343461718206527e+01
3.085970324097797857e+01
3.292259931475564372e+01
2.940676264438434373e+01
2.230974638188956760e+01
3.968134755953360582e+01
3.818650667307156255e+01
2.967408628542762017e+01
3.995229710625426378e+01
3.857511114166754851e+01
2.883551063548748061e+01
4.552932328763381520e+01
2.911951509287882800e+01
2.670962236713694438e+01
7.441946452836418757e+00
4.057511952469576499e+01
4.142789349145459710e+01
1.950449313991114764e+00
3.982955934873416481e+01
3.253496376416842395e+01
2.251744113346603626e+01
3.162639838472614429e+01
2.055339884231648284e+01
4.307072249282646226e+01
7.193909325896250095e+00
2.531279011272818025e+01
3.041342153147706995e+01
7.507002210602422565e+00
3.144686414040825184e+01
2.924107138550793650e+01
3.385133936819693190e+01
1.851990322199313255e+00
2.903241928317947895e+01
3.672000917531295272e+01
3.570652502901793923e+01
3.419467441385722850e+01
2.307156132616592004e+01
3.102595700273582224e+01
2.900365746257426025e+01
6.935585999185832407e+00
3.116272503842128572e+01
2.726652612322322966e+01
3.067402417258699643e+01
2.126695178534578190e+01
3.146764606279248255e+01
5.101993144012158155e+01
4.586678925191336020e+01
3.326070292552458341e+01
9.871988538964615145e+00
3.158055194695771206e+01
1.239298086085000250e+01
3.235770184095417790e+01
2.829861052577348346e+01
2.597935789614962232e+01
3.235421903050792025e+01
1.293014551639134879e+01
4.054070155026238353e+01
2.910499549166483746e+01
3.220223351464028383e+01
2.194054284290996293e+01
3.018382067463790008e+01
2.921867140341873892e+01
2.976303972778187301e+01
2.941015451908060641e+01
3.032773528537745733e+01
5.593042542904004222e+01
2.632144068587513175e+01
1.405561028163538140e+01
1.627396662223020485e+00
6.021845928667244152e+01
4.130320927251773355e+00
3.381819432742804565e+01
3.642852972623950336e+01
2.119894070339319114e+01
3.308278712047831505e+01
1.296634418793928489e+01
2.578521267991891364e+01
5.472153864765277831e+01
2.870818881043305737e+01
4.827548080154156196e+01
2.346053907662772531e+01
3.522049745563708711e+01
3.299199695769038954e+01
2.515626439330571884e+01
2.479687524031032808e+01
3.316307490365215926e+01
6.011447609579590790e+01
5.288542019888700452e+01
4.187988454799051397e+01
5.595300769253208273e+01
4.203116915947794041e+01
3.124789117516684200e+01
4.576440075739810709e+01
4.140772993706195848e+01
2.819023983487386431e+01
2.437201594980888331e+01
1.765623628876619478e+01
2.675229681194650766e+01
6.557144761853464843e+00
3.018266753152943238e+00
2.688655469205696136e+01
6.727037174122415308e+00
2.728410619042188046e+01
2.241783574377677724e+01
2.402827937856045537e+01
2.522581111020735989e+01
3.843876537332835142e+01
2.546636638006918929e+01
4.002395508629433607e+01
3.051390177687699179e+01
2.618235481929013986e+01
5.998108535352184845e+01
3.520163652042174363e+01
2.663351363314723130e+01
3.609438706557557452e+01
3.769889475913532806e+01
3.455733866946138733e+01
3.118194594284045706e+01
4.715242207122355467e+01
1.354115701974751573e+01
3.716923013519681263e+01
4.676663080931029981e+01
3.865735502969437221e+01
2.547722838251593203e+01
1.309257990488549694e+01
4.125672224527806975e+01
5.527962347034190316e+01
2.973190828999941004e+01
2.317885515227317228e+01
3.744989745597831643e+01
7.405406055173443747e+00
2.661183752178794748e+01
2.532990758615051163e+01
5.378236862000704832e+00
3.101893975724033226e+01
4.400303953743059537e+01
3.543504027533526823e+01
1.600384682595006325e+00
2.889213236492979675e+01
4.161364319638232701e+01
5.104245593361883948e+01
2.535994965710870019e+01
2.542404923379217507e+01
2.680656319434274337e+01
2.466949785078713830e+01
3.132786596651635591e+01
2.646607823423463657e+01
2.433973588920537168e+01
3.237688218922221495e+01
2.366852303723862860e+01
3.275277363230088667e+01
3.375591604937562806e+01
2.582440774388078353e+01
3.823351962046763219e+01
3.195800261393105757e+01
3.465209713877629838e+01
2.685778492803729023e+01
3.519460697259455628e+01
2.428198270059510833e+01
4.253691110645740991e+01
2.645865643250795074e+01
5.869183429575423361e+01
2.537841577739391141e+01
4.093699526839918690e+01
1.449874385162115686e+01
3.318918537173158256e+01
2.815943144445003554e+01
1.329113696931727873e+00
2.053090241341703859e+01
2.686354066434091692e+01
5.153370852751322673e+01
2.961785021202757662e+00
3.425376753238197125e+01
1.342297111101015616e+01
2.966389788971719099e+01
2.867479325194818074e+00
4.278940273437001451e+01
3.327454582239624870e+01
2.499543340978129891e+01
6.127429847908160809e+00
3.136245472471409812e+01
4.928299634719587630e+01
4.315240138303488493e+01
2.039947451100999842e+00
1.296855359943510422e+00
2.171827752434012382e+01
5.036285616411623778e+01
6.753689029763336293e+00
1.788273648407357541e+01
3.035023208636630443e+01
4.116957433109018893e+01
3.671382596382318297e+01
4.630332473191174358e+01
2.889284051160211675e+01
2.167789609972533071e+01
2.342771605661982903e+01
5.261072459806143797e+00
1.412829588230306399e+01
1.552816606927808607e+01
2.882039784046946806e+01
3.126226236103047995e+01
2.053216041178166051e+01
2.937138601322749309e+01
2.657128860019827243e+01
6.321154350574215641e+01
5.220288037235877709e+01
6.601546141644575982e+00
4.159970754234018386e+01
2.789555681600359094e+01
2.367980676824709008e+01
7.290270487358725404e+00
3.442248872387972369e+01
5.041310061232070439e+01
2.481219565415176476e+01
4.150983071893278975e+01
3.999330286465556128e+01
4.525616962289495859e+01
1.664236744313620875e+01
4.538309315327114746e+01
2.389422585322972736e+01
8.283455757699357491e+00
2.672005953507789400e+01
4.408771391872141976e+01
5.156213615248543647e+01
2.816468493128604678e+01
4.009389956608356442e+01
2.374804826606896313e+01
1.125202865834762633e+01
3.739282867455858650e+01
2.539918964078137265e+01
4.236339149581908714e+01
2.975580335114909758e+01
4.076203534158776165e+01
3.188591431374788954e+01
3.538946843650342089e+01
3.779098822034939076e+01
3.318729953077308892e+01
5.014368564568212605e+01
2.510792329887476626e+01
2.586663304158992105e+01
2.568579081734878855e+01
3.701973692515821313e+01
4.823938582848086298e+00
3.513659050200294587e+01
4.005911684941384010e+01
3.538885371512878919e+01
2.260269809704925592e+01
2.308772000508042765e+01
1.882927068812523430e+01
2.979210277554375352e+01
4.609426890159852519e+00
2.884714263652767841e+01
3.371133603712405602e+01
2.680909992383749341e+01
3.584761724096281910e+00
3.205428894613373814e+01
2.418601748008950381e+01
2.311031023983014165e+01
1.938136798005143646e+01
3.527566188345372211e+01
2.214501124891762629e+01
3.839821874087419928e+00
4.621448181190455529e+00
2.225646896774151173e+01
2.645409339208890742e+01
2.964643684029215365e+01
4.067977178746832578e+01
2.352882655984171834e+01
6.454667701323614892e+00
1.113512965040278635e+00
3.070985280547756702e+01
6.196871198581402496e+01
3.195568397147144424e+01
5.119768223603023216e+01
4.295341020920022856e+01
2.516299102627453976e+01
3.590926935518064056e+01
2.471021340003881051e+01
1.374345478591476422e+01
1.943846426979234820e+01
2.633693992244661786e+01
2.695799093430088078e+01
3.729441310866968706e+01
2.416558467374170505e+01
6.175699511553830234e+01
2.214954883358859661e+01
4.254191166446003081e+01
2.434557829141022012e+01
4.655185815867298516e+01
4.699477760070294607e+00
3.402511328854961903e+01
7.050561353697048617e+00
3.119089198487199610e+01
3.734297533315475448e+01
2.768072776802227963e+01
3.161551608122579182e+00
6.779786285723275796e+00
5.845630923293902015e+01
3.023229058646029443e+01
1.756637450525704480e+01
3.141989982514132862e+01
5.706272572880334337e+01
2.862797774675073015e+01
4.590911043893143528e+00
2.750761818657383628e+01
2.282045606247697833e+01
3.103358880273844989e+01
7.036053837603958527e+00
3.406689105237637705e+01
3.183785577971866587e+01
1.534339778583648339e+00
3.925247517697425792e+01
2.784951051963616919e+01
3.454005452891578898e+01
1.279955219237548292e+00
2.655644756502488235e+01
5.342527666455134749e+01
2.906636678833706355e+00
2.358613416386845074e+01
2.629006590813514777e+01
3.127850063465666608e+01
2.446167988463002985e+01
8.725620556490412127e+00
2.371272263172295425e+01
2.619026534998170064e+01
3.087196329096332192e+01
2.323138866336148567e+01
8.318023373221137717e+00
3.248161930365176886e+01
6.435804509345257429e+01
2.478368424472000697e+01
7.138742177703079506e+00
1.339040587841754082e+01
3.764321374101928086e+01
3.356900401221719221e+01
4.867488225508714095e+01
2.785126187354580907e+01
2.765022884359859745e+01
2.512662881031883444e+01
4.372123546884540701e+01
4.227799630538038400e+01
1.146281419444292959e+00
2.637871257912229339e+01
3.417474110425609979e+01
2.590265681854907598e+01
5.859495882874034578e+01
5.032936874551523943e+01
1.727027172374516795e+01
2.469431433789850416e+01
3.892664637024927288e+01
2.417667361518670077e+01
2.756782058601129393e+01
4.599563059829233680e+01
1.438370185977123583e+01
2.449828571444845693e+01
2.817481894866068615e+01
5.383740457127714762e+01
2.394700034374000097e+01
9.136477992064101272e+00
3.506218411308054783e+01
3.378178448762264452e+01
3.344388658927709912e+01
5.906581287113658618e+01
3.977652664962624840e+01
1.869428157603215368e+01
5.372730452383439115e+01
7.417310553565982900e+00
2.742464339217167435e+01
2.257488068850443597e+01
3.275298014900363341e+01
2.353635533855731410e+01
5.495018730281299213e+01
3.207263811000302667e+01
4.367738150884925119e+00
2.467310085203018843e+01
3.289215992776098574e+01
3.215589902088140661e+01
3.807223500699956276e+01
2.695573364913434489e+01
4.782573255176612292e+01
2.609045240091904816e+01
4.707601379974789779e+01
3.337240637784896435e+00
1.120385451311425307e+00
3.898698731343029067e+01
4.653072785223776009e+01
1.358497124842324411e+01
2.716104412233016774e+01
5.699919520119692606e+00
4.781711735971475719e+01
4.798180185437786349e+00
2.937540114377770806e+01
5.689257225095808934e+01
2.468409748528029013e+01
2.460332937854150259e+01
4.958754464382218430e+01
3.220814414189180752e+01
2.960578540933147451e+01
3.147281407544937792e+01
1.221778267163608689e+01
2.347647285641232884e+01
2.268585577294646782e+01
2.000480530371163468e+00
3.421746114102461434e+01
1.043009200350934407e+01
2.654656604061142389e+01
2.416547164000076009e+01
2.036143707781229750e+01
2.967305454525194364e+01
4.187126368605640891e+01
3.081502672316764802e+01
2.538028952775266589e+01
2.626430496665807368e+01
3.927187674795277417e+01
2.703525327263207600e+01
2.603845210790268538e+01
4.233952467314884416e+01
2.611701706586882210e+01
3.034391585278535786e+01
1.881505280536021019e+01
4.809438695214339532e+01
3.462879321438344959e+01
5.365961378087740741e+01
2.473427929706735995e+01
3.770825873624562519e+01
1.432275251388318793e+01
2.072808628734151171e+01
2.520056241593078994e+01
3.765002165263103961e+01
3.269136593241000810e+00
3.102528850777822811e+01
2.111461965530543239e+01
2.336648373099876608e+01
1.549799396925232031e+01
2.873586048774541268e+01
2.634271601656291750e+01
1.886326161500448961e+00
2.659589302180506820e+01
2.564488832352071768e+01
2.646390812750269106e+01
2.351980386363266007e+01
2.309210235785099030e+01
2.733260045600718513e+01
4.562440286539094814e+01
1.120693516834762704e+01
3.206370162124039780e+01
3.843202164777903818e+01
3.715565246749611106e+01
7.130260495212240812e+00
3.253735402223378514e+01
5.657544816304653068e+01
3.256407753837083874e+01
2.758020583346296917e+01
2.554593934834792890e+01
2.967940018674198654e+01
1.062458857454294048e+01
3.436770344806882349e+01
3.057977867701458763e+01
3.192335091071436182e+01
4.311807626898371382e+01
2.504284864501391894e+01
5.296801971161585243e+00
2.463149947419287855e+01
3.262811815723034670e+01
3.880097255860346195e+01
2.215018632899148088e+01
4.632148295987008169e+01
3.936345680650265422e+01
2.937799001695157131e+01
2.989090149262665363e+01
3.133550059541175870e+01
5.156585907016790316e+00
2.531020989640427388e+01
2.794967093499144539e+01
2.975605628136304404e+01
6.115950936454737530e+00
3.719761481943839954e+01
1.734577028520834574e+01
3.639889276882217928e+01
2.848267548966680351e+01
2.361534087136178073e+00
2.414839062402188574e+01
2.457827732261512210e+01
1.575537825818901183e+01
5.105585875513861538e+01
3.563975702956304303e+01
4.405971004440471006e+01
1.754285556411196012e+01
2.154853200881927933e+01
2.547705323198533733e+01
4.807592436112770429e+00
4.040122063335729763e+01
2.167948326925534275e+01
3.337836699000217777e+01
2.589332172966487633e+01
4.222110393369439407e+01
3.763627311322125024e+01
5.881414093112562114e+01
3.208307980942845461e+01
2.884025029041276866e+01
2.176074575849395387e+01
3.959737680249236291e+01
4.289348705695010722e+01
2.267341213044710457e+01
4.022622853339817084e+01
3.324387771069450537e+01
4.123280447949400696e+01
1.775772694481020153e+01
1.075722784404297272e+01
1.829724677213749828e+01
2.915286484343960183e+01
2.316801803920156999e+01
5.732142609182483284e+01
7.561749653482365829e+00
5.539083548405324109e+01
2.688765384640464617e+01
5.100152258196612820e+01
2.687208924155629575e+01
3.175736164773661585e+01
1.501210017586595313e+01
6.397533592957915971e+01
2.909724135983049109e+01
3.752491390999057330e+01
3.283411177354537358e+01
3.157395080625246919e+01
2.329007904473587587e+01
3.368274718441170990e+01
4.019408238960204471e+01
2.553624988895228398e+01
5.884541873787838995e+00
8.022569773896975676e+00
4.083491108540329151e+01
3.124806109096471118e+01
9.678334606998760137e+00
6.913439067324361531e+00
3.835801867158261302e+01
3.224802062482967813e+01
3.586742922527992050e+01
3.172672296781729528e+01
3.538083125433877285e+01
4.248846681098802947e+01
2.391192085527745803e+01
4.016978978909173748e+01
3.480944526400890027e+01
5.300333082819270203e+01
2.990525514551245578e+01
3.056691308839845078e+00
2.497578557963765888e+01
2.407746658379710425e+01
3.264178215927677229e+01
3.788992190163116902e+01
4.261836591622704873e+01
2.025588784723004210e+01
3.086627651914932358e+01
2.406942066605915898e+01
1.589192488250773749e+01
5.125998439598333789e+01
2.930629226620521877e+01
2.728552516525496685e+01
2.559916091620470979e+01
5.998741862953829695e+01
1.423086863867843022e+01
2.346398658784346480e+01
3.595871444245676685e+01
1.322628749977229745e+01
4.333504154074762482e+01
4.724642300181585597e+01
3.723530544638924766e+01
3.392271112835078384e+01
5.085864096934164991e+01
2.774813704294865602e+01
5.525339804252143949e+01
3.050709212039021168e+01
5.866508597929896496e+01
5.000506624658960675e+00
2.534209882250320334e+01
3.011362026095321198e+01
2.264013300684200658e+01
2.654471354147426609e+01
2.257993231030905434e+01
5.342078470694104908e+01
4.717576574794657063e+01
2.747566812359514188e+01
3.063892360718637065e+01
1.859942622695234604e+01
3.150072492006074754e+01
5.490209514531306922e+01
2.526214760805805781e+01
2.737347410559959826e+01
2.768753852705231111e+01
5.894842996444731398e+01
3.035348931487394708e+00
4.691566637475625612e+01
2.966335789548611501e+01
3.381855054193096066e+01
3.877537865305748710e+01
3.221184490389714483e+01
2.803158273539185075e+01
4.162920766528259264e+00
2.499888467501227751e+01
1.360603050306053774e+01
1.390522594697722525e+01
2.927721340280913864e+01
3.545141543547742913e+00
2.661175055591775163e+01
4.672806488655214707e+01
1.043817015458853348e+01
4.050320290730087436e+01
2.977668786374988485e+01
1.069054778627038083e+01
2.611763737870751356e+01
2.697865108459677685e+01
1.504145557902302244e+01
2.744902354751229723e+01
3.303090954086474085e+01
3.453916309761189041e+01
2.308058632602478610e+01
2.655821772187749730e+01
2.959489677847705025e+01
3.347465210575956007e+01
4.859421183940503397e+01
8.345756951061275686e+00
3.386981962113168265e+01
2.211072223308474349e+01
3.083032906246080529e+01
3.746417910615127767e+01
4.435279235403322673e+01
2.661372430147093837e+01
2.160245343361202686e+01
3.690685281999139988e+01
5.869065651061646349e+00
4.772230734381082584e+01
9.486734015392812580e+00
2.392996358949358182e+01
2.363494684051261174e+01
4.648794365963840391e+01
4.395456609304164886e+01
3.138282108729617903e+01
2.697112830029436736e+01
3.687595237061395892e+01
2.914229725800123560e+01
4.378080784279882209e+01
3.217914200840459671e+01
2.427450115351848581e+01
3.827652926328300964e+01
3.000108516299724215e+01
2.678771348898145277e+01
3.005536488296274911e+01
1.824596905091063093e+00
3.558761499638603709e+01
2.462229402703724190e+01
3.252005477114971654e+01
6.393333005362364929e+01
6.114295272166273776e+00
2.404572098773496691e+01
1.289678657287682384e+00
2.670875716240743714e+01
2.728272276349809999e+01
2.510933711889924780e+01
4.008540026696937275e+01
2.778579696225597218e+01
1.055726276114000939e+01
6.325298025968550064e+00
6.281027757519950683e+00
3.255246198593522422e+01
2.745945636420219671e+01
2.636070938842567557e+01
6.076297125784549280e+01
3.806925415202749718e+01
2.250940191191784834e+01
1.658265290468170861e+01
3.456811435474992322e+01
9.769121193562114058e+00
2.766941301390579611e+01
7.924419579307141248e+00
4.760722116140823346e+01
3.453661108630808485e+01
3.152900081727397996e+00
2.804004634596412870e+01
3.167764297345729574e+01
2.005911293247481808e+01
2.916408678953757772e+01
4.587263427147263428e+01
3.213753563222053344e+01
2.720760180374827542e+01
2.873722429774397824e+01
2.251087726277000911e+01
2.480408279160042184e+01
4.902956124647243996e+01
4.413306816051317583e+00
7.335408646452378889e+00
1.951287661591533107e+00
8.555768343918771279e+00
2.169277668754591559e+01
3.448742699866852490e+01
2.951010726482309110e+01
4.944471463646550546e+01
3.256793452617421281e+01
3.076766507317643118e+01
3.135365473544879933e+01
3.620484563817808521e+01
5.101445923177016084e+01
2.778887514123516667e+01
5.220661690673068733e+00
2.845897151656390633e+01
5.187890385410014460e+00
2.625261915167038751e+01
2.850587981081662292e+01
2.916948236888174506e+01
4.113132560823578387e+01
3.884261133067047922e+01
5.136909551026372256e+00
3.202965357912398758e+01
3.028006589228334633e+01
2.942275970758214498e+01
2.287061484265541367e+01
2.847296355398475498e+01
2.905216770227019651e+01
3.329300230377202752e+01
3.657747034521162277e+01
2.205949283271638706e+01
5.915248865139074042e+01
1.990004737711018379e+00
2.278746572016325445e+01
3.533610550402954686e+01
2.108012390924704960e+01
2.184719359286054896e+01
2.839588807323889341e+01
3.287047535426609102e+00
2.366196066562724809e+01
2.188566642969465192e+01
5.469937568606667355e+00
4.279399759732041275e+01
5.880882318297892652e+00
2.244940578001006770e+01
3.411815495192422532e+01
2.249729159106726684e+01
2.505091724651333607e+01
4.229225815988320392e+01
