2.850550325347649050e+01
3.140692065776238451e+01
3.070860380823614832e+01
2.952246649842709303e+01
3.072785473119802191e+01
2.885060990094507360e+01
3.001346254720556317e+01
3.417676618663790578e+01
3.017985672261056607e+01
2.898497194072842831e+01
2.895716292124870961e+01
2.914199452049342653e+01
2.841408492085520265e+01
3.070805558530992130e+01
2.968378359778762388e+01
2.785257564412313513e+01
3.252425139761362516e+01
2.814537313358778192e+01
2.936570290634517733e+01
2.942324991238683651e+01
3.195340474290424027e+01
3.270249566577331279e+01
2.857488057921909785e+01
2.656632169051044912e+01
2.627367938425049942e+01
3.169374680690270907e+01
2.961786128502353677e+01
2.926029791556356940e+01
2.871839999089024786e+01
2.984410640408896143e+01
3.122123613006988307e+01
3.238076060682942625e+01
2.946874459769423993e+01
2.848065197997311770e+01
2.719031746409655170e+01
2.887019749669707380e+01
2.826791887440413120e+01
2.918812734758466831e+01
2.907327015885766741e+01
3.017295618530442880e+01
3.021095168695683242e+01
2.866630822991010064e+01
3.035077225690838532e+01
2.763852219908403640e+01
2.833358763121213997e+01
3.415151179799795500e+01
3.317825187059679592e+01
3.114862125336367171e+01
3.093135991392409778e+01
3.034599834847722377e+01
2.872000552213830815e+01
2.901830829598111450e+01
2.748112710224813782e+01
2.850091590184820234e+01
3.183889408353570616e+01
2.916877821317211783e+01
2.236090478268852166e+01
2.954413131982619234e+01
2.879225382444201387e+01
2.733518441366686602e+01
2.790954196665370546e+01
2.827917595492590408e+01
3.052882344357385591e+01
2.994039177839204058e+01
2.871815772188347182e+01
2.914990585597024619e+01
2.981356903105188394e+01
2.998813258636073442e+01
2.998275132717753877e+01
2.747279314610386791e+01
2.948198180198232876e+01
2.818749603232390655e+01
3.123479811903962400e+01
2.827299670535740006e+01
2.527118976363362890e+01
2.862576907339553145e+01
3.025209147373243468e+01
2.948814002993185568e+01
3.025727137914691411e+01
2.824134514319075606e+01
2.770821226256248337e+01
2.804276629817104549e+01
3.018731739104987355e+01
2.784349778563591826e+01
3.205473092120519141e+01
2.881392219691406353e+01
2.988303611846640706e+01
2.806548189711611485e+01
3.213845855534236762e+01
2.819946548434745637e+01
3.063795807594578946e+01
2.823280985676228738e+01
3.124225482618749083e+01
2.781112222597903383e+01
2.777400802473130170e+01
2.831774136163858202e+01
2.955473921777047508e+01
3.199277724659987143e+01
2.627011424420015828e+01
3.021803670296139899e+01
2.881426085853308905e+01
2.933763182558050175e+01
2.417152845070449985e+01
3.223649982303686556e+01
3.007397353397300321e+01
2.882409273476787348e+01
2.976547926570674463e+01
3.053638740453061473e+01
3.167988843285638723e+01
2.828456550951887039e+01
2.628999740458675660e+01
3.041920234533608891e+01
2.662736850178043824e+01
3.274227916502422886e+01
2.769333560563245555e+01
2.847552868249567837e+01
2.872661294737736171e+01
2.881750174443459400e+01
2.799982326709505287e+01
2.911128666632612294e+01
2.881008776240378211e+01
2.824067094381416609e+01
3.193694022848103486e+01
3.097270921304698277e+01
2.961248731894920638e+01
2.936312110292419675e+01
2.906177487096647383e+01
2.830985617677424671e+01
3.062267953653645236e+01
3.025542006034447695e+01
2.855082423186149754e+01
2.820591347111439973e+01
3.066320683197227481e+01
3.052304510818430572e+01
3.152481454261214822e+01
2.575686582666548929e+01
2.945036836837061855e+01
3.000024244756787084e+01
2.874625009687406418e+01
2.953462489817866299e+01
3.091681499296100810e+01
2.614504526746895863e+01
2.624109721887907654e+01
3.105038802502167528e+01
3.006185550551163033e+01
3.294507983713265276e+01
2.934192673541383556e+01
2.997331993517400406e+01
2.900324829854616837e+01
1.814783353394250298e+01
3.154386666474965750e+01
3.013610745779806166e+01
2.660483875492263905e+01
2.815678469468002731e+01
2.970597121856008016e+01
3.127676006431283895e+01
2.968189744208211778e+01
2.835422663815825217e+01
2.792637136158191424e+01
2.985633422480714216e+01
1.934105780362733640e+01
3.030274644272412843e+01
2.592644456896596239e+01
2.825857980212094844e+01
2.982256299013897660e+01
2.798767595804747543e+01
3.383417949690920068e+01
2.635495095530131948e+01
2.838848801124004240e+01
2.954292553329651128e+01
2.925220758439536439e+01
2.845381138729680970e+01
2.902332229690728127e+01
2.749806456595797499e+01
2.638574283605794335e+01
2.861245264727403992e+01
3.073898181221284176e+01
2.863303490743783186e+01
2.830347851084843569e+01
2.843384476627215918e+01
2.838749126613402041e+01
2.820686651930827793e+01
2.842448791596416413e+01
3.026966829996854358e+01
2.957603614497747913e+01
2.723655202208919945e+01
2.602055555329025083e+01
2.698920058626754326e+01
2.908546089717674477e+01
2.884015509148230194e+01
2.919619943023189990e+01
2.933027511818090716e+01
2.838137867577233919e+01
2.623195049914284027e+01
2.951276917316499748e+01
1.953721660075643740e+01
2.785917356406389445e+01
2.798888506181128832e+01
2.955590220573685656e+01
2.886744254215773253e+01
2.841607120454091273e+01
2.751354368690454066e+01
2.841011045094728615e+01
2.908324541151068843e+01
2.944995978567385464e+01
2.000847536206492805e+01
2.786608761740626505e+01
2.785619133403270098e+01
2.685721840264159255e+01
2.800790442152492687e+01
1.354984341433100781e+01
2.900500391298191971e+01
2.791616927216091426e+01
2.960114160839111719e+01
2.832143723221179243e+01
3.112858650983525877e+01
3.005717137692045071e+01
2.972233218574001512e+01
2.700340802004029683e+01
2.900692559963499662e+01
2.925256051858741557e+01
2.825672110280174820e+01
2.889322006167003565e+01
2.794124820606248250e+01
2.943363584877442918e+01
2.937378201654064469e+01
3.026347226813595626e+01
2.637689654864607292e+01
2.884323213759489590e+01
3.073211696818179917e+01
2.891647807769186329e+01
2.987178392510941194e+01
2.918784121830685763e+01
2.867250863006120198e+01
3.169168966912548058e+01
3.027170639321047929e+01
3.080681900211493485e+01
2.971727051195921376e+01
2.813106523073838616e+01
3.211470300375003717e+01
2.957687766262824880e+01
2.988838871606640168e+01
2.925280269797212895e+01
3.076368789163279871e+01
2.825138388255800237e+01
2.729570258549756545e+01
3.148368561646020680e+01
3.014734251792651776e+01
3.445921423519030213e+01
2.852367914029491658e+01
2.791658801460107497e+01
2.913533698401806760e+01
2.897706368620129069e+01
2.833765737803514639e+01
2.446524622396100312e+01
2.838420424163541611e+01
2.916943490461380861e+01
2.868271686376465368e+01
2.975160090157623927e+01
2.947529805037629558e+01
3.013962484645617224e+01
3.001869311932205164e+01
3.085925687368580839e+01
2.787444265736621674e+01
2.905536423235753318e+01
3.271324923834981746e+01
2.900380437443709525e+01
2.640121251760501764e+01
2.957305179300237796e+01
3.089381530924765684e+01
3.272979831159318564e+01
2.847894062685372774e+01
2.973571549455209606e+01
2.781392896358011058e+01
3.156172384510136908e+01
2.811058812473402213e+01
2.760016335351610905e+01
2.832948324631979631e+01
3.152820202511247771e+01
3.113693390631488001e+01
2.879460226280070856e+01
3.068333646884093469e+01
2.892602269018789229e+01
2.883206748959310062e+01
2.830698963687791547e+01
2.776702369059694320e+01
2.665636101869495178e+01
2.987561561834809254e+01
3.223410208821223932e+01
2.978441606043088541e+01
2.849302820968478045e+01
2.898941927394116647e+01
2.682829707208657055e+01
2.748492411061124585e+01
2.787807216386045184e+01
2.899811695804055489e+01
2.720187698234894924e+01
2.995123844424051640e+01
2.878019753145235882e+01
3.024757418605713610e+01
2.932790431886678562e+01
2.957896932417133939e+01
3.087772205109649803e+01
2.885122387745468586e+01
2.792493867096709437e+01
2.810220709639179404e+01
3.228453705018182518e+01
3.135565624287301034e+01
3.084453333187411772e+01
3.033836097984021762e+01
2.875935499882734803e+01
3.101504722215395304e+01
2.827638084841419186e+01
3.173024784287372313e+01
2.689987024299080076e+01
2.742948982480720588e+01
3.149699247071112040e+01
2.794234804199368227e+01
3.035359979870554525e+01
3.000123582192645699e+01
2.998165512485593354e+01
2.713414563745300256e+01
3.118019220051428420e+01
2.888751207061613968e+01
2.851766450932336738e+01
2.823559299434464265e+01
2.561194139058898145e+01
2.983630539471414522e+01
2.866271340064122342e+01
3.204225853895513865e+01
2.918403631336150283e+01
2.850359934086054636e+01
2.899890677076473366e+01
2.693316757823959051e+01
2.828402952183387242e+01
2.675536819283297518e+01
2.514812633960355015e+01
3.134543730372752179e+01
3.059647387512086425e+01
3.023020206649380270e+01
2.805164429752767319e+01
2.956448495814584021e+01
2.945008304734801641e+01
3.046626058267065673e+01
2.734797819966479437e+01
2.777434037537022959e+01
2.981813062431774597e+01
3.197743581781469402e+01
3.152523995493356779e+01
3.279964969165303046e+01
2.900526063534562127e+01
2.927816582302693860e+01
2.827021508829238883e+01
3.052319795621042431e+01
2.671832702231949952e+01
3.256945424058721983e+01
2.980133238413327490e+01
2.765189385025587399e+01
2.864201071640627561e+01
2.931618320303823566e+01
3.044040329175277293e+01
2.966500199413530936e+01
2.947379922077561787e+01
2.859843365475899191e+01
3.043073372649632802e+01
2.778432390249145101e+01
2.985366709941990848e+01
2.798965055951521208e+01
2.756062294119419676e+01
2.724438461823592661e+01
2.808095237194402216e+01
2.889022397924418328e+01
2.908924480205496366e+01
3.015483258684980683e+01
2.606716417135248776e+01
2.771060840086647659e+01
2.947887703583910479e+01
2.862261680180017720e+01
3.055078776862046652e+01
2.627948430887045106e+01
3.091987779004739423e+01
2.951675719838749501e+01
2.749605689738382353e+01
2.611916030784232134e+01
2.328345166099097696e+01
3.054131032115037669e+01
2.911402730881218304e+01
2.908400776134112675e+01
3.074868377564598632e+01
2.851473533623538970e+01
3.080303329108573962e+01
2.912257595391020004e+01
2.804169518453090859e+01
2.780004937472858728e+01
2.915359415000784793e+01
1.928299345405139320e+01
2.727595999218647194e+01
2.915926164086704375e+01
3.132459166463013389e+01
3.096315720647180569e+01
2.807126602685821126e+01
3.039527120506318170e+01
2.979156192198843200e+01
2.809669427514199924e+01
3.122339589442344732e+01
2.920767404216712748e+01
3.339850614659371786e+01
3.016137648383300984e+01
3.128453431419438857e+01
2.906485965500360180e+01
2.882036514742776490e+01
2.937642787841650716e+01
2.937325353991809607e+01
3.571835523499976262e+01
3.061422204883092490e+01
2.841127943448282167e+01
2.704064402742551465e+01
2.879278585373867827e+01
3.307304682036919985e+01
2.980555544932940393e+01
3.081232113064470468e+01
2.960457787360792281e+01
3.120998230588156730e+01
3.124811360742205579e+01
2.974325695235529565e+01
2.805643971431982209e+01
2.836465437502374698e+01
2.892971928930819558e+01
2.897366257360863528e+01
2.363245916430969373e+01
2.789126703248803096e+01
2.821509107799465710e+01
2.595585888209188852e+01
2.274053555157297524e+01
2.990005503266729647e+01
2.927194317397334089e+01
2.918798706860980019e+01
3.058514067309624807e+01
2.800021569143336819e+01
2.848516906448639929e+01
3.015158562832857569e+01
2.965776682441719458e+01
2.925709810106582154e+01
2.893837961834924499e+01
2.863852182060145424e+01
2.811134449485689402e+01
2.758932135787472362e+01
2.780078614048761665e+01
3.188656103171888390e+01
2.982324080701255298e+01
2.926689793049717991e+01
2.999523441266956070e+01
2.858689933825371554e+01
3.121950135866063647e+01
2.828026376253637864e+01
2.887691680532134342e+01
2.772773602202869370e+01
2.988319193909410387e+01
2.960415317433671589e+01
3.178463582656695507e+01
2.830672652774774178e+01
2.818960880203485431e+01
3.232654160151469114e+01
3.190661784424082725e+01
2.841583316179412577e+01
2.643707092988188379e+01
2.861187931452877820e+01
2.902468224780204764e+01
2.851721308056949056e+01
2.814182233633437136e+01
2.913978485755797010e+01
2.795693167161880410e+01
2.859309770383606519e+01
2.621895070056734767e+01
2.761973645812713585e+01
3.005044808314141846e+01
2.851467105387928314e+01
2.900902583095012233e+01
2.787327297937918047e+01
2.819317860620685678e+01
3.237426572967342508e+01
2.680322452535483535e+01
3.003472879842047405e+01
3.057899235516924819e+01
2.578072519444140198e+01
2.791391231259513006e+01
2.940016887844922167e+01
2.928819389963609865e+01
3.034860296528313484e+01
3.048541248009496485e+01
3.041393038246314973e+01
3.025435741390538169e+01
3.101200194947796263e+01
3.109663756189183914e+01
2.878571943108727282e+01
2.845956906324954616e+01
3.089754957161130733e+01
2.988497466490389343e+01
2.803993630347667931e+01
3.045318017419413081e+01
2.831321276974085777e+01
2.764587822170142317e+01
2.469327504550028607e+01
3.029673022330825916e+01
2.953794921087319381e+01
3.174208576289674966e+01
3.202101152186332911e+01
2.813580992866536690e+01
2.727518087548014591e+01
3.258174838818376884e+01
2.800813653471777798e+01
3.074036974923728849e+01
2.900850800599982904e+01
3.141060596382158110e+01
2.883631545242678840e+01
3.006351292615545390e+01
2.870426202450835262e+01
3.194223191526907613e+01
2.949919339534972096e+01
2.780915150372311473e+01
2.883832621868941715e+01
3.287297880034748232e+01
2.726902965527096967e+01
3.296055150687243440e+01
2.891391431154761449e+01
3.026321803950031608e+01
2.876935827601755591e+01
2.892467069126723800e+01
2.940484414274760638e+01
2.517262394818317262e+01
2.946442175201627833e+01
2.779243748688077176e+01
3.151681363544776104e+01
2.766220550360594643e+01
2.948774978764049592e+01
2.883799387892577215e+01
3.107741971342693432e+01
2.915111831637841533e+01
2.846443881709319612e+01
2.838669427074091800e+01
2.917573216941218561e+01
2.920509425531236047e+01
2.990431327078658796e+01
2.672844948741567350e+01
2.905829629931486124e+01
2.789820043384133896e+01
2.808462874917040608e+01
2.859191958420342417e+01
3.171259343519341201e+01
3.189155241144180764e+01
2.754719786694749928e+01
3.070549895525437023e+01
2.461348793841352744e+01
2.809945423597764602e+01
2.920279765223313007e+01
2.920057925261426135e+01
2.926136650083753921e+01
2.803326496273984958e+01
2.537641507344960701e+01
3.029007517339050537e+01
2.866283488576482341e+01
3.087478667401774146e+01
2.825826512492858456e+01
2.594547269530630729e+01
2.920915463343590091e+01
1.702768727216789557e+01
1.089850852418749128e+01
2.461764327443961520e+01
2.719418793096792797e+01
2.760283541534590768e+01
2.813677642627590103e+01
2.552100898299613618e+01
3.111992214971905923e+01
2.441449467546772212e+01
2.957228869978280272e+01
2.688459308836172568e+01
2.814948897831891372e+01
2.787162842801808438e+01
2.855742615239068982e+01
2.937898517215216998e+01
2.856462553940582438e+01
2.667339133707264409e+01
3.224053828889373108e+01
2.829108227380766039e+01
3.190815049866978370e+01
2.930258334058362379e+01
2.605046220722215367e+01
3.014705778849884155e+01
3.025407212194477324e+01
3.046250758567475714e+01
3.002705745735147502e+01
2.712758266053060652e+01
2.863441997096833802e+01
2.928372366313487873e+01
2.866883083632910711e+01
3.088216394895425765e+01
2.891826843331000418e+01
2.888342731812917918e+01
3.091083249826351675e+01
3.141075366957556980e+01
3.014370360963948769e+01
2.871110499037604313e+01
3.263820520060653507e+01
2.804623974905189243e+01
2.895755659410679073e+01
2.786168913537539993e+01
3.049073106548257783e+01
3.025481652849884995e+01
2.938526334997914091e+01
3.034691377921262756e+01
2.821940128640198964e+01
2.946534110763786884e+01
2.756363023988342320e+01
2.246687163885326299e+01
2.940057244630042987e+01
3.058059930713170615e+01
3.148871823336958187e+01
2.895627551696907176e+01
3.226538868845636898e+01
2.643045536489080405e+01
2.859981423403951339e+01
2.939562519651553885e+01
3.021225519552990590e+01
2.731832254933397053e+01
2.955074200978560839e+01
2.821517958287404326e+01
2.673087237952859141e+01
2.899026802914158907e+01
2.981677633495564805e+01
2.823926300886432728e+01
2.805468611749074626e+01
2.955141915501008043e+01
2.858695981989876600e+01
2.854798482401020010e+01
2.989732523427301203e+01
2.755710253684810596e+01
2.667988225922090351e+01
3.010991920436754299e+01
3.205538801849797892e+01
2.997647459342988441e+01
2.840732368342742120e+01
2.749467651444865623e+01
2.821645158055162028e+01
3.313557049430164625e+01
2.864098947788988880e+01
2.738883481303764711e+01
2.717464485703021637e+01
3.001033273114808253e+01
2.695790675485659449e+01
2.932090851711291180e+01
2.797646900567633566e+01
3.075596694965861388e+01
2.071238392123632366e+01
2.924507567271029984e+01
2.570785931817954406e+01
2.720206271372808260e+01
3.057242905211387551e+01
2.893492354815862200e+01
2.804858173640241148e+01
3.221641624000767479e+01
3.091301343379018363e+01
2.987597601392735669e+01
3.010271018703679147e+01
2.915639221835408534e+01
2.912610738004514133e+01
3.236380826702225022e+01
2.735292253147417796e+01
2.770949792861620153e+01
3.038861035733862082e+01
3.083953876845043851e+01
2.946413421938632382e+01
2.925298041146561445e+01
2.953585254638892366e+01
2.670920085630496033e+01
2.925656328196055256e+01
3.238046143448445946e+01
3.165667181669050478e+01
2.802106122862824122e+01
2.933874725458554167e+01
2.796268844360656658e+01
3.073010135120421182e+01
3.006169633015633735e+01
2.938255234798816673e+01
2.756560006675317709e+01
3.152889158359903377e+01
3.112810483937028039e+01
2.829295461158380931e+01
2.878870162491330120e+01
2.491863876443858317e+01
3.011362170769461954e+01
3.322314708003250416e+01
2.804985029270574159e+01
3.255002553095982876e+01
3.122700778439684655e+01
2.977013262656964798e+01
2.952231190723250620e+01
2.898453215808422101e+01
3.058382169344440626e+01
3.074383492489323544e+01
2.907403889307715872e+01
2.688578472543213138e+01
2.865546332710073330e+01
3.046021561768793617e+01
2.395108569168405666e+01
3.000462944483842875e+01
2.675338239889424585e+01
2.755389771850968827e+01
2.794067256381276820e+01
3.075918102837476908e+01
2.655123798797103518e+01
2.743917385016220578e+01
3.011978155039287230e+01
2.941955334713384218e+01
2.793188666192691016e+01
3.013082685387689708e+01
2.932750196875167603e+01
2.812367314855691802e+01
3.117670319500757614e+01
3.046638072918995022e+01
2.967236252279872133e+01
3.156271814536376041e+01
3.320153436034524930e+01
3.299705257694768079e+01
2.801857135060618020e+01
2.925117087496437307e+01
2.921236242305894848e+01
2.936421017984321225e+01
2.884284626308544830e+01
2.956576408567343606e+01
3.275739318396153976e+01
3.103024630968866404e+01
3.076437453193102556e+01
2.777314768861469929e+01
2.795029559353861259e+01
2.784296321935744345e+01
3.037850671287196747e+01
2.972141855672498423e+01
3.057331329812132026e+01
2.724965460038220044e+01
3.105334069539458142e+01
2.937478738299978431e+01
3.094481617658038886e+01
3.255241510173436836e+01
2.762660515083916835e+01
2.862648804116906831e+01
2.715311347177612333e+01
2.904728801471719635e+01
2.908156383419827762e+01
3.059312728323857300e+01
3.222433237700533937e+01
3.120931765320892737e+01
2.791655728163277672e+01
2.972432447697337921e+01
2.838041893391255144e+01
2.884155374997044419e+01
2.771909706032556642e+01
2.914438695832177473e+01
2.985370873718056828e+01
3.121767889196416945e+01
3.130563381548563484e+01
3.057078455733608280e+01
2.804910703909990843e+01
3.149325499056430999e+01
2.991337619844853180e+01
3.148404252673390147e+01
2.718199376638403919e+01
2.873588686417497229e+01
2.964073804931831546e+01
2.879529543348235165e+01
2.849607581596501404e+01
2.460858970071342355e+01
2.778321429510106100e+01
2.968895994598096877e+01
3.045431813782488462e+01
2.877317076216786518e+01
3.219041199790808605e+01
3.057086114690355316e+01
2.356117638955402072e+01
2.848706380886778788e+01
2.657394089869194431e+01
2.911282378995383624e+01
2.976202234340598807e+01
2.760653833210199082e+01
2.325894546864947188e+01
2.737137231968426931e+01
3.010596213344706484e+01
2.777300093340363674e+01
2.851012521854499937e+01
2.712131852107086161e+01
3.004196452410906204e+01
3.076691200760615175e+01
2.926917286273965146e+01
2.963945342544684536e+01
2.524108891298601520e+01
2.888725033764058026e+01
3.010713087567000912e+01
3.173227128860889934e+01
2.750660683918431459e+01
2.901454776303035032e+01
2.407401098983609700e+01
2.273946644781790383e+01
2.877694808628075407e+01
2.840606244659284130e+01
2.864197395351038722e+01
3.120310820250961115e+01
2.938292082924817805e+01
2.945918538192290725e+01
2.946503364361706190e+01
2.933593236658089154e+01
2.985361477689184539e+01
2.893628027813974768e+01
2.728947376419819193e+01
3.054001336359760899e+01
3.150656471241018153e+01
2.908277962928332272e+01
2.940017009489383781e+01
2.896955126591728913e+01
2.865059766023841803e+01
2.894965239203520468e+01
2.736308291991599617e+01
2.913726126823030427e+01
2.479681033974884485e+01
2.948004840834983042e+01
2.619405405444013013e+01
3.254306916396672023e+01
3.149214096405557939e+01
3.005633195138216252e+01
2.992591953378723701e+01
2.696784234072583786e+01
2.978231953432987211e+01
2.939226386246627953e+01
2.840689092202592292e+01
2.790541280384695710e+01
3.095981487458266201e+01
3.086210848323753453e+01
2.737702458744342948e+01
3.040153628646658035e+01
3.137619908335727814e+01
2.963430973981667194e+01
3.090082618764427025e+01
3.062594320848347706e+01
3.139075750735901238e+01
2.744406279516442737e+01
2.620255588546206127e+01
2.735722522856576688e+01
2.900489850732674313e+01
2.813885453809780302e+01
2.856857872864202363e+01
2.992220391878981900e+01
2.908701371066126740e+01
2.951689829501992790e+01
2.795996822322922526e+01
2.912025962104598875e+01
2.893247824251739075e+01
2.786175823155554099e+01
2.915464926933054812e+01
2.869363578269440040e+01
2.845593699235541862e+01
2.696071768683941627e+01
2.872792410196416313e+01
3.245918220695602940e+01
2.980700340838302509e+01
2.978515594994678395e+01
2.724389309391153802e+01
3.228536099554912653e+01
2.693625037305173464e+01
2.558009062744531548e+01
2.936489284655544907e+01
3.001814815431498573e+01
3.028486490417344612e+01
2.891200851716166653e+01
2.601206967596226605e+01
3.454095241407776484e+01
3.186864296873500280e+01
2.828360158822579251e+01
2.946283404247697035e+01
2.784976467253363808e+01
3.023920263667605468e+01
3.007530673881410621e+01
2.901602587639536068e+01
2.930179844657141075e+01
2.828416012019170012e+01
2.953172014531446621e+01
2.953009716034648591e+01
2.925151759236541693e+01
2.960835906616375723e+01
2.973021755260015198e+01
2.789537510616628424e+01
2.704895395845051098e+01
2.728527659848714393e+01
2.922430771531071514e+01
2.747620853663647722e+01
2.873050585909368237e+01
3.072850591613860161e+01
3.023198363795108889e+01
2.899834778226431808e+01
2.903911759359471034e+01
2.729841089587716851e+01
2.801581668273865944e+01
2.915095661108534841e+01
2.409047996957087889e+01
2.949629023795932881e+01
2.810277882445916475e+01
2.757831973474276310e+01
2.967282589247224678e+01
3.136367032382622710e+01
2.995815469019544253e+01
2.796095401173261052e+01
2.911289530253452540e+01
2.815162000290001743e+01
2.829323818302646032e+01
2.831125973404414253e+01
2.852246967070914252e+01
2.344226007143151946e+01
2.877360345254965068e+01
2.619150646240996139e+01
3.139641841892262164e+01
2.961178607855799783e+01
2.788494912297574047e+01
2.844270493960539170e+01
2.952787818563592737e+01
2.960993407109890541e+01
2.801765218810396618e+01
3.013039900494914036e+01
3.098349276636145078e+01
3.066308341362582723e+01
2.809978896790380531e+01
3.023126692289588391e+01
2.694716444148434675e+01
2.850324881774395180e+01
3.037020381940237712e+01
2.619051180048154492e+01
2.886534420505722665e+01
2.679165333412311156e+01
3.124277039979824622e+01
2.016486099719077174e+01
2.952485352862731816e+01
2.938093148006009869e+01
2.929988414732088131e+01
2.643413051866446040e+01
2.847084908949364035e+01
2.911668515123528778e+01
2.889188933424156858e+01
2.920985316302176216e+01
2.363485654309442907e+01
3.155712582536216360e+01
3.188911247506985092e+01
3.224221863854836556e+01
2.940690553552485653e+01
2.921503131604640657e+01
3.026270997083975089e+01
2.849406838397135289e+01
2.918813177392985381e+01
2.264956491681550688e+01
3.037744459238456329e+01
2.902356231667999964e+01
2.395422236215836165e+01
2.872294414468797186e+01
2.914060496808269818e+01
3.025693755108477490e+01
2.802771952780676656e+01
2.933544868242825032e+01
2.914587940125238674e+01
2.930199402632752026e+01
2.597842641388069751e+01
3.020264936907369702e+01
2.883267762591367500e+01
2.923699709799257107e+01
3.046472283472030540e+01
3.072224614926381037e+01
2.905090607491365517e+01
2.966550882314732007e+01
3.002141820167616970e+01
3.112711240529461065e+01
3.051648881207529485e+01
2.907120790617045714e+01
2.947203666563746083e+01
2.919300095087237423e+01
2.425413303177992930e+01
2.702364842577753734e+01
2.804518983177058544e+01
2.962087998089191387e+01
2.868217885508511245e+01
2.993124615456326865e+01
2.891139517740612064e+01
2.784775661980665973e+01
2.510787138711657462e+01
2.789749466507373654e+01
2.936459765606741712e+01
2.983103576624125708e+01
2.810422068886782654e+01
3.186824593904748326e+01
3.108117987199511845e+01
2.819829250021257394e+01
2.949548658433559467e+01
2.933492072800981987e+01
3.187250752844556700e+01
3.304090571371489204e+01
2.166833198699896457e+01
2.588901431603699166e+01
2.302744522364810109e+01
2.802314039680140922e+01
2.558567141328967409e+01
2.775536909576112521e+01
3.064321504338113300e+01
3.012085819255844399e+01
3.198682958028803114e+01
2.811277366099602659e+01
2.826061491250038671e+01
2.751119532285156311e+01
3.066191971990701859e+01
2.808886898250466402e+01
3.308509826913359575e+01
3.055809127374595846e+01
2.842952634301946091e+01
2.957813775249087485e+01
2.774701811304112198e+01
2.707817848653576220e+01
2.613588976561004529e+01
1.863294538059653860e+01
2.104273388756337226e+01
3.186701258473112830e+01
3.112399221150917583e+01
2.873492749960769288e+01
3.157099106434907299e+01
2.841686387334539177e+01
3.123587336070704623e+01
2.942285789299603493e+01
2.962037956312997267e+01
2.956721774820834980e+01
2.876105107150033291e+01
2.898890045159532747e+01
2.966240237597230589e+01
2.995608939581052255e+01
2.782922523490560707e+01
3.071386208508829441e+01
2.867833115891698981e+01
3.220668370491330279e+01
2.864285363823273656e+01
2.892812516468256945e+01
2.836931047745747492e+01
2.610218863823138236e+01
2.910847606712741253e+01
3.186006207365971932e+01
2.896597588882650598e+01
3.175547351407294627e+01
2.845717112629063195e+01
2.814979442924595787e+01
2.817258097975354758e+01
2.910846280896112148e+01
2.992785250357337645e+01
2.926539926074565301e+01
3.151847463657031767e+01
3.014973858499070047e+01
2.808901076901656779e+01
2.928971697655379103e+01
2.886201651785449940e+01
2.783356812623424048e+01
2.441539450973687053e+01
3.033911929787063855e+01
3.045156495198534685e+01
2.827044912684232258e+01
3.185791559834797226e+01
2.923204841301776469e+01
3.129605512810303480e+01
3.387066451968348701e+01
2.944686908907169709e+01
3.131515988430146535e+01
3.258711984455840138e+01
3.016933645095195970e+01
2.989769037358473724e+01
2.883821121235996543e+01
3.056350638056574098e+01
3.103712822516172309e+01
2.842775384657079485e+01
2.853150887757328746e+01
3.226715391480320250e+01
2.750946357629800332e+01
2.840929127225444972e+01
2.564622388748739468e+01
2.754008555083873944e+01
2.813994367584882639e+01
2.865591962544385751e+01
2.807907948112188024e+01
2.843258931473246776e+01
2.792697653981304029e+01
2.806428246117138769e+01
2.489679763796721090e+01
2.633443612263909017e+01
2.979215388999546121e+01
2.785412348284444306e+01
2.896130534501116927e+01
2.848148370400485874e+01
2.944231469864462269e+01
2.868651131977367186e+01
2.826471310313536378e+01
2.973009090732739423e+01
3.038644886064685124e+01
3.239784747280282318e+01
3.081922479297645623e+01
2.683908349226476275e+01
2.818941654373884376e+01
2.969197983328376722e+01
3.271288155241563800e+01
3.079950208706759440e+01
2.998821463840067736e+01
2.552365523167827632e+01
2.964756795293760661e+01
3.043380580655139056e+01
2.776461696468641094e+01
2.940964188424095482e+01
3.177165916771082266e+01
3.251905547811111319e+01
3.072944456475306652e+01
2.962498397983654286e+01
2.765529182612226577e+01
3.177231062137434492e+01
2.831823398465348873e+01
3.025319135410245508e+01
3.033580861853806709e+01
2.793487307686336862e+01
3.077739883674985322e+01
2.826517877827427583e+01
2.780190959380615823e+01
2.815952711018235277e+01
2.889766235802017036e+01
2.992822455453642760e+01
2.809365333651112451e+01
2.915130791369574581e+01
2.850954571462352760e+01
2.893134514078337816e+01
2.682462341806876793e+01
2.947354550851923705e+01
2.830181128915137378e+01
2.853938533210566675e+01
2.942097949553135550e+01
3.198207138401994598e+01
2.912567878904246754e+01
2.977187675955610757e+01
3.129734413184269215e+01
2.961222601333793136e+01
2.761630291008805216e+01
2.791674607967797783e+01
2.948698459764091240e+01
2.895190244338755292e+01
2.916549635775118077e+01
2.857663015332673240e+01
3.055101125217333902e+01
2.739196152776457893e+01
2.874306058403817588e+01
2.889881762997265469e+01
1.777322453879241948e+01
2.675929309399180056e+01
3.013521373309777118e+01
2.751211801097997522e+01
3.359185141137095343e+01
2.904577149517353973e+01
2.986456955597532215e+01
2.791533211475325515e+01
3.266481201528949896e+01
2.816483022362808697e+01
2.777600200512370066e+01
2.707218125728650193e+01
3.084922664931036707e+01
3.024108213825729763e+01
1.597815265872577584e+01
2.908136390051822673e+01
2.700432260173693066e+01
3.030614028131094528e+01
2.704237667922279797e+01
2.946417846264375839e+01
2.819021148647698283e+01
3.113385954968907754e+01
2.903627198372123530e+01
1.611917949078542733e+01
2.958748841854867351e+01
2.925480797117870679e+01
2.748682102374368696e+01
2.782201516640270711e+01
2.758832443180290284e+01
2.894102145140914217e+01
3.029627564169459220e+01
2.870433243237448551e+01
2.806215497510493151e+01
3.014282566694237175e+01
2.991901205378962914e+01
3.162345267787895864e+01
2.736648025635986414e+01
3.019763769098790362e+01
2.889943928206412238e+01
2.783953344302426558e+01
3.066898900898377178e+01
3.002550014656117128e+01
2.875018960858869832e+01
2.924890416589187225e+01
1.498062684003616596e+01
2.834537511799317144e+01
2.725480601178787765e+01
2.683361468778821290e+01
2.879736366148972593e+01
3.056305257265921682e+01
2.902766022275136493e+01
2.788730132422688257e+01
2.131215238134973333e+01
3.169975008441724640e+01
2.775533608687328524e+01
2.644958494658567361e+01
2.900610754024819471e+01
2.859850743459628575e+01
2.857676831589105859e+01
3.159063814092223765e+01
2.522173319749708753e+01
2.564229010961935273e+01
2.809336397064271296e+01
3.098815947871662502e+01
3.055693604985572165e+01
3.016271479455645022e+01
2.401211848492630452e+01
2.873809860542132810e+01
2.896429710847041861e+01
3.300812622647572425e+01
2.882249297533235222e+01
2.768094879113778006e+01
2.869578124563849997e+01
3.154006568793920451e+01
2.796078046959291896e+01
2.952121247368813783e+01
2.794564985838223947e+01
2.862846755795044373e+01
2.890357192869851133e+01
2.858027012905313313e+01
2.660663535911544386e+01
2.891630378095032938e+01
2.872172607872562367e+01
2.873539379055819154e+01
2.527453609948861413e+01
2.704284072045993526e+01
2.991469110907928552e+01
3.180273628330542124e+01
2.883194412298144016e+01
3.033705590298086463e+01
2.906043144301656866e+01
2.895330386619389174e+01
2.551485919442802697e+01
3.497495173474453622e+01
2.858528818365630286e+01
2.437406501143414062e+01
2.904626620571980311e+01
2.818625545461190995e+01
2.927796103462424071e+01
2.824019646103261039e+01
2.859090566755185137e+01
3.215023911503885756e+01
2.723853821715056256e+01
2.874997647357668029e+01
2.877576675443106069e+01
2.896098927898492548e+01
3.219201800450900919e+01
2.932721407373992406e+01
3.007701581572200666e+01
3.060230242425404867e+01
3.023071786964283092e+01
3.020145060588220076e+01
2.788921204371945350e+01
3.006062192738136218e+01
2.629444455076736631e+01
2.974167586612384184e+01
2.973582669437018922e+01
3.154102518731451710e+01
2.989948646965785883e+01
3.186390653114540328e+01
2.926391263846380753e+01
2.932882921498821815e+01
2.815140512400103034e+01
3.014754072465984791e+01
2.874254835163992539e+01
2.825690623548325675e+01
2.977277931226308283e+01
2.898733937285578577e+01
3.008865481521206675e+01
2.882198913890351832e+01
2.718465117814866971e+01
2.863909895191227406e+01
2.712287828898752196e+01
3.020752927198554971e+01
2.900676615518932522e+01
2.939348121233160782e+01
2.946061377251680824e+01
3.291656392693039379e+01
1.837149740155473410e+01
2.832579484624966426e+01
3.028070483000192326e+01
2.745305647750319622e+01
2.770599552227940876e+01
2.994546821769836242e+01
2.986279003159143031e+01
2.956832275841861701e+01
3.056100091487314785e+01
2.885166398221554118e+01
2.969364667790068779e+01
2.950351863447849610e+01
2.911165365423221374e+01
2.801614328069626936e+01
3.057598732312544598e+01
3.056764186571672326e+01
2.838996494497951062e+01
2.884495963243534788e+01
2.179292205658384773e+01
3.117768383720249403e+01
2.075344475086785678e+01
3.049197740717681882e+01
3.052653971441759495e+01
2.555681228749745060e+01
2.928842075800685052e+01
3.064887976118188817e+01
2.789799740451599064e+01
2.964189759874716401e+01
2.633405374658832443e+01
2.854899933427259384e+01
3.005852664419398934e+01
2.914726540253468556e+01
2.541771290357246471e+01
2.667268224324379844e+01
3.114820860272084246e+01
3.156191870700422442e+01
2.101221890094711853e+01
2.884757549517416919e+01
3.041639791458146647e+01
2.997120545478901477e+01
3.038298778502212372e+01
3.076813041068635357e+01
2.843956730860918469e+01
2.852939968715327268e+01
2.925606847186827508e+01
2.809113702149352321e+01
2.878751923068739416e+01
2.589392405653507012e+01
1.392621893509294750e+01
2.876891958771011559e+01
2.733548855814296985e+01
2.485987123758968664e+01
2.704533440584827986e+01
2.981367960593161115e+01
2.835290081921812089e+01
2.749343591417891730e+01
2.865817531364518800e+01
2.717157566008881986e+01
3.082961823791174538e+01
3.090149048495004536e+01
3.185300757640652591e+01
3.087744103713885124e+01
2.825634894820450427e+01
3.055308747578237671e+01
2.894314201587985735e+01
3.085960682422410173e+01
2.927469685496907914e+01
3.114568950348621001e+01
2.982593504581018351e+01
2.033464806332085573e+01
2.904659392141547869e+01
2.931029472296177119e+01
2.966466502664479776e+01
2.772285284705776576e+01
2.800915836167041562e+01
3.011794947478483664e+01
2.744917681471815740e+01
2.633485770440165652e+01
2.798675864750293840e+01
3.016755107776043587e+01
2.900408249089741730e+01
3.161406748700392200e+01
2.541599433946612407e+01
2.824312725030631555e+01
2.581578292924496054e+01
3.089772982807699009e+01
2.918570259333682770e+01
3.150725284185318742e+01
3.113714918924415542e+01
2.896916918347051251e+01
3.076337756728207751e+01
2.839902357921710063e+01
2.238333905563013104e+01
2.825808296318700741e+01
3.131275252628074668e+01
3.084690400175895775e+01
2.924454061056349019e+01
2.555179151883567101e+01
3.169177220676829165e+01
2.981783441640618548e+01
2.905350201275177824e+01
2.742676963962821901e+01
2.809687367180231377e+01
3.133644396268937271e+01
2.988366652709282789e+01
2.865876807712265872e+01
2.978892087604799599e+01
2.808415788569618599e+01
3.115768628687874298e+01
3.102028636871546041e+01
2.860422385380661581e+01
2.301509184324459056e+01
2.841823939838650404e+01
2.872458376993108686e+01
3.117615513040982478e+01
2.814370051096921088e+01
2.865278424405369151e+01
3.104819364506693091e+01
2.920139920616838936e+01
2.858684524946147576e+01
2.629050780628313078e+01
2.690135185027793341e+01
2.988795082780961820e+01
2.665402424617423094e+01
2.985940140405000420e+01
1.283240241540079296e+01
3.013988682620220061e+01
2.927394302923403302e+01
3.011956317963449692e+01
2.607114575141167734e+01
3.070633072732016444e+01
2.893934186335900449e+01
3.012608391972753452e+01
2.791468911766060046e+01
2.016049408993058023e+01
2.888092329676783265e+01
2.812332329253331409e+01
1.902361478822786012e+01
3.065020351297607704e+01
2.991750747865444282e+01
2.896992180384449966e+01
3.185938334579986986e+01
2.914770897077505651e+01
2.900982878389913822e+01
2.863458351406370639e+01
3.088994978290611471e+01
1.904477430419865414e+01
3.175697836207473301e+01
2.840257321860553930e+01
3.026757483185156161e+01
3.038407789328448416e+01
2.159688708380417665e+01
2.499438539818220306e+01
2.923479835145917605e+01
2.720327785841072910e+01
3.031687554048403399e+01
2.351739719891520508e+01
3.181728144002227054e+01
2.533966312650863983e+01
2.830390897008328466e+01
2.685208361891272943e+01
2.891856881121930201e+01
3.005626633736756048e+01
2.879976530925341649e+01
2.987298246497994114e+01
3.377402054572303314e+01
2.769947650292670005e+01
2.788630794958407932e+01
3.101529467514046701e+01
2.784051392372020928e+01
2.889326738793170080e+01
3.024769100056073512e+01
2.850186484083133109e+01
2.858935292796013528e+01
2.731410470281480229e+01
2.331652943436893111e+01
3.043388056483217952e+01
2.812828779306437355e+01
2.958830216617752740e+01
3.132966458808004973e+01
2.943063857018660201e+01
2.905304335198343324e+01
2.820183257946700905e+01
2.889161729944817125e+01
2.902135454735071107e+01
2.769601888713805238e+01
2.740826846425625263e+01
2.823400489661889878e+01
2.856844130520312319e+01
2.831556262570484250e+01
2.649502797649711283e+01
2.964965404830581974e+01
2.755053126243365114e+01
2.801300101036395063e+01
2.969661095788978855e+01
2.996951184341742191e+01
2.763006855727871880e+01
2.896799384420592105e+01
2.988981674845672387e+01
2.862083156962762587e+01
2.352877258866647026e+01
2.793439715686190539e+01
2.651355491965432520e+01
2.847578234633328975e+01
1.840470221203577239e+01
3.104293222535306995e+01
2.895707773669346352e+01
2.809092203910586250e+01
2.903687053486100922e+01
2.900018883159373217e+01
2.949392193702442455e+01
2.637838277958508115e+01
2.514925467457396735e+01
3.111616495703492546e+01
2.807142877594924357e+01
2.126718985378647631e+01
2.936861257359305455e+01
2.811012847674646764e+01
2.949193765516611165e+01
2.473943337751552463e+01
2.788989248311736446e+01
2.468468864621308967e+01
3.044089793758939777e+01
2.806680381674595992e+01
3.135447685828876274e+01
2.797320530576462261e+01
2.641870904543247889e+01
3.232481404173631745e+01
2.021127466623511282e+01
2.717743475937822950e+01
2.895334727110912354e+01
2.766493485678074649e+01
2.725319964468963008e+01
2.826692330309151657e+01
3.168957755064911908e+01
2.861348233548596909e+01
3.192465866204111080e+01
2.698126285476064368e+01
2.859140834190930036e+01
2.309838668388329097e+01
2.880946647443033726e+01
2.754298551419560681e+01
2.390293126895448950e+01
2.421964531991443437e+01
3.061247657004514622e+01
2.762137647056442802e+01
2.779254729787862743e+01
2.852254554059618386e+01
2.817725462559474181e+01
2.857268943170538478e+01
2.458009539518388920e+01
2.788802150445371808e+01
2.739397950146440053e+01
3.005496719959592156e+01
2.859614318644480591e+01
3.190062270811904455e+01
2.908189403862525069e+01
2.411310802738080383e+01
2.819789381319424137e+01
3.042015478959183383e+01
2.930434473176865140e+01
3.056050643711205339e+01
2.315975228015577159e+01
2.874317333255567064e+01
2.490808246889355360e+01
3.062597900492619374e+01
2.483981676061375765e+01
2.237811931194664794e+01
2.846816098920407967e+01
2.862167267529366654e+01
2.873797847198602540e+01
3.124237626687136071e+01
3.065275539790309267e+01
2.865575293928304745e+01
2.911113001422927482e+01
3.011417567574608256e+01
2.918611208136644564e+01
2.741354844569832494e+01
2.869921586635155109e+01
2.806142361911406624e+01
2.814258298704680783e+01
2.933078420126548735e+01
2.746055071769296774e+01
2.995517781351736630e+01
2.920117890213805367e+01
3.089562500731335604e+01
2.907001535406016046e+01
2.976837749954938772e+01
2.818057178341678082e+01
3.152661451283347560e+01
2.741705657438797061e+01
2.559040305889175215e+01
3.029776400025002658e+01
2.917670264477692399e+01
2.136187772319863143e+01
3.092023059722851031e+01
2.990275143697181193e+01
2.911444901856521028e+01
2.809134018506756547e+01
2.926437855982931069e+01
2.570282224408038019e+01
3.020663336835968948e+01
2.933408763992338208e+01
3.185964212162070908e+01
2.780939713038151240e+01
2.798575809646899870e+01
3.292164681920621661e+01
2.727864771694476076e+01
2.640848227500828216e+01
3.076497249923886557e+01
2.732360755963236443e+01
2.984274259004814667e+01
3.093404947147064377e+01
3.126832104475761298e+01
2.839493245944868249e+01
3.490536513469123747e+01
2.814741571684680821e+01
2.554853276042376820e+01
2.940617348421255883e+01
3.020810038317176804e+01
2.925163163771685504e+01
2.725272256168500462e+01
2.881021270414930768e+01
2.945540159876327380e+01
2.827592784050830232e+01
2.769709951135610027e+01
2.844296318649230670e+01
2.634108092860105899e+01
2.672715787853303482e+01
2.957567094032674504e+01
2.804064564649752356e+01
2.961957543758762768e+01
2.547318531642304151e+01
2.797470605271882960e+01
1.955241334767379158e+01
2.905409712340315309e+01
3.018966859707870753e+01
3.020019927415705752e+01
2.871388373980153119e+01
3.041596205049972923e+01
2.239493461950769415e+01
2.761802601510498789e+01
2.891487040779247764e+01
2.917091731157051981e+01
2.783736252547896584e+01
2.899936149585664680e+01
3.034163909933613468e+01
3.113730373424732534e+01
2.724818230981782108e+01
2.782901443249647855e+01
3.026052803237325861e+01
2.954592775303899543e+01
3.170097849151716218e+01
2.959163951360096689e+01
2.943554068859521067e+01
2.717449419684817258e+01
2.763021482913245563e+01
3.218844792022719048e+01
3.007497157847956260e+01
2.956866873273065721e+01
3.141975387327329372e+01
2.714160225896557677e+01
2.898790173809538828e+01
2.885842898438568227e+01
3.242694689612471848e+01
2.765353943343325227e+01
2.890650135816758848e+01
2.800180523301969515e+01
2.900655989388542366e+01
3.049399789368908387e+01
2.883869798270825413e+01
3.060074132553017989e+01
3.084186675778255449e+01
2.829578941297222627e+01
2.826168121600676386e+01
2.788613866671221331e+01
2.647491669615374121e+01
3.057217478704842506e+01
3.211356718918614206e+01
2.663067313487772481e+01
2.908507982312949025e+01
2.777500982863784884e+01
2.898418724654584366e+01
3.078947400737524731e+01
2.959708769000826578e+01
2.919357250614484656e+01
2.495788121005898574e+01
2.590007712601072853e+01
2.852817044124458334e+01
2.901790784852346405e+01
2.914539914145825605e+01
2.973932687692104082e+01
2.857599429939455149e+01
3.092344265596329933e+01
2.427991062957880786e+01
2.817776920050073386e+01
2.895368281405899324e+01
3.022077495257872215e+01
2.988598699043359375e+01
3.094152233777094807e+01
2.992037090049780090e+01
3.058692116301972419e+01
2.812582440468122513e+01
2.851703943841494038e+01
3.108895246974498150e+01
3.004046747113170568e+01
2.990976210791450285e+01
3.185829657678914373e+01
1.315148091262472008e+01
2.414708564496595500e+01
2.681558986989966797e+01
3.013327228851812833e+01
2.821261490399956529e+01
2.844504052248703374e+01
2.836433797694280656e+01
2.791814656999849831e+01
3.173814617831521900e+01
2.693409754902768327e+01
2.561230972057819599e+01
2.870566769116521755e+01
2.667345682639734150e+01
3.288376130134565756e+01
2.847914893381675938e+01
2.840264682348151837e+01
3.332122781548969215e+01
2.912465817226620857e+01
2.964434450263615872e+01
3.118027096715013613e+01
3.138487312427423603e+01
2.532745908832066561e+01
2.594089904777138145e+01
3.313511757172091166e+01
2.670359094686409662e+01
2.749307334734476171e+01
2.769404950471653137e+01
2.665241919555774075e+01
2.609275122779308731e+01
2.621844676063483348e+01
3.108249837005132576e+01
2.880948388056367548e+01
2.760649166465009330e+01
2.814544902301895490e+01
2.805633806960395304e+01
3.067818102344426734e+01
3.034924639961536741e+01
2.983031755336196511e+01
2.818173437448604091e+01
2.898991176676008763e+01
2.801084832362175803e+01
2.795370036126223567e+01
3.063776567076274659e+01
3.202526084354576597e+01
2.771968012776778778e+01
2.911111399652781984e+01
3.014235217015811941e+01
2.226111565707833506e+01
2.740282285273315210e+01
2.940735893925739219e+01
2.776473738876666175e+01
2.820692748729743471e+01
2.483351632005178544e+01
2.298578442362850183e+01
2.824026963121650624e+01
2.861043885267463338e+01
2.933722840977679880e+01
2.831159580184066726e+01
3.052321470601600595e+01
2.944348785502097599e+01
2.950144482105588395e+01
3.165161068901034014e+01
2.874249146847432712e+01
3.143656829924657359e+01
2.711335671188498964e+01
2.915907235053782642e+01
2.723934159479904338e+01
2.870388882804581954e+01
3.085809580620116321e+01
3.050567314504223759e+01
3.057548805964870553e+01
2.899595577930813306e+01
2.905991835626991815e+01
2.853636776060375269e+01
2.731647236626122321e+01
2.891268570671672933e+01
2.833446861164338770e+01
2.718901836767417990e+01
2.991124313048931072e+01
2.928278102800777560e+01
2.942034052661801979e+01
2.979082542863397975e+01
2.757924656794239127e+01
2.688419283466100751e+01
2.951131495519075543e+01
2.713209728373385587e+01
3.137471596959403541e+01
3.369042867562529864e+01
2.725706091380834550e+01
2.994314735671105154e+01
2.826467979816789011e+01
2.861248489262834482e+01
2.968218538000292028e+01
3.070169140895814053e+01
2.852020633010852180e+01
2.751845703284925548e+01
3.134744205509196036e+01
2.761842130076547619e+01
2.901936475904994950e+01
2.879094295313643670e+01
2.795000924145642784e+01
3.116392908319903654e+01
3.182083412024439895e+01
2.927444384076807182e+01
2.954378568806350813e+01
2.994003671129030408e+01
2.992967225285974564e+01
2.962141207353488426e+01
3.717430387808417436e+01
3.114182758809693041e+01
3.053178686545470555e+01
2.729757780752652252e+01
3.024207802185446781e+01
3.024138931878405856e+01
2.861627857296389266e+01
2.817602459001682291e+01
3.334318027490371605e+01
2.738911324654327473e+01
3.047135549674931099e+01
3.144333030852430966e+01
2.146652506218742928e+01
2.981913470369545394e+01
3.345990051326589310e+01
2.842825330267987738e+01
2.990917682555664214e+01
2.973413783794603660e+01
3.041204632259632490e+01
3.010764730672781297e+01
2.965611808818994177e+01
2.692146791576669784e+01
2.819144585111234846e+01
2.836151204204679743e+01
2.984230085443778080e+01
1.746141944684677583e+01
3.210932775717628829e+01
3.188945120467360539e+01
2.985566323462808214e+01
2.771532026681234129e+01
2.924019312574637297e+01
2.958734122980604297e+01
2.589436270054829947e+01
2.658102775825864228e+01
2.872381799258255342e+01
2.402193045145577344e+01
2.698498460526025156e+01
2.932485199993607239e+01
2.799437149867299013e+01
3.148980896070133895e+01
3.017002535728897783e+01
3.266875820911809569e+01
2.876658793090246036e+01
2.829157662207217072e+01
3.107715246919178753e+01
2.744542645382534829e+01
2.903689343437508796e+01
3.193075022105767857e+01
2.837494640500335663e+01
2.837897990227156697e+01
3.056568906354732462e+01
2.921413440049946075e+01
3.197084815123525914e+01
2.940569922476788634e+01
2.953556087521974405e+01
2.719601362536195666e+01
2.671733441073683935e+01
2.729678644314390112e+01
2.004772081967712438e+01
2.816255187861315790e+01
3.024130630049057800e+01
2.989580625194867025e+01
2.941800613520899788e+01
3.069252638114994625e+01
2.834460676679736935e+01
3.017164257738841115e+01
2.801915250360252685e+01
2.852269923127369111e+01
2.886756056816057026e+01
2.741301784952520393e+01
2.851393299054871022e+01
2.973812326122606464e+01
3.179760294567677192e+01
2.574120814846537542e+01
2.224531257340277079e+01
3.007068240023363614e+01
2.448835306423097791e+01
2.821788784698401287e+01
2.612383383314590901e+01
2.927684167607094423e+01
2.940099348127114354e+01
3.211136703882402799e+01
2.899642953564034542e+01
3.111041602468867495e+01
2.939829671601546579e+01
3.084369876401797228e+01
2.700120730754133547e+01
2.810673857183428481e+01
2.473454954639964853e+01
2.452097637926999596e+01
2.936859422750058002e+01
2.950370038614710211e+01
2.962937396008965152e+01
2.991601640407316154e+01
2.994148341878462816e+01
3.054586005747842137e+01
2.710768276825547218e+01
2.656796966504407465e+01
2.938352392900560517e+01
2.743490367229424010e+01
2.819228639161065075e+01
2.908996133907930925e+01
2.863978291004605126e+01
3.004302981391265348e+01
2.822507651027171960e+01
2.986480017869507719e+01
2.931037232376183965e+01
2.995785896519737435e+01
2.879545696119930653e+01
3.012328296918985870e+01
3.147845557151595131e+01
2.066262725064188999e+01
2.860054819253491587e+01
2.908827365480465232e+01
3.060053001068627054e+01
2.843337588395843341e+01
2.833406355314582470e+01
3.162725973869783047e+01
2.839319800056000531e+01
2.607610876086027929e+01
2.783611939011734648e+01
3.141971147821641352e+01
2.987874003373508458e+01
2.910292255191598088e+01
2.809562916870072513e+01
2.739702956917972188e+01
2.932129939948572428e+01
2.965947770187813148e+01
2.897769796490501903e+01
2.882953761508724710e+01
2.883820691690561944e+01
2.966387214381393278e+01
2.897058432309313503e+01
2.807020888352235488e+01
2.992394763512857025e+01
2.738029150481634133e+01
2.770073421778033662e+01
2.883256834451276518e+01
2.937605736662135314e+01
3.374473131314880447e+01
2.878975213322883064e+01
2.927817858733396861e+01
3.063204129611222015e+01
2.821212456637658761e+01
2.856559019624546636e+01
3.106432762838085182e+01
2.809617779423388129e+01
2.837422336339750473e+01
2.885642622310842853e+01
2.812341273250331142e+01
2.730490735320745443e+01
2.390566297729310463e+01
2.884198176120526114e+01
3.086864927275382797e+01
2.520855985354501172e+01
2.858431488190035452e+01
1.738237980294434237e+01
2.976625436110589362e+01
3.012415729245549301e+01
3.001678103270751308e+01
2.966471772039585630e+01
3.090722113467927556e+01
2.159000942025704717e+01
3.090119132962354342e+01
2.431119799171392515e+01
2.429475098347393214e+01
2.967900059522617084e+01
2.725855522556958022e+01
2.877567822836317646e+01
3.125898972024151590e+01
2.810693928171167499e+01
3.003641250478176516e+01
2.947233915195647569e+01
