2.347045314240676817e+01
5.402169112765113823e+01
3.837154653879952093e+01
2.650718894348798926e+01
2.081837647473389552e+01
2.782017091505622375e+01
2.809534437279216945e+01
4.888203745435021119e+01
2.518454944950514118e+01
4.209876713703852147e+01
5.418923349848773796e+01
3.721857688481941295e+01
3.024393928601330117e+01
3.036512926982595673e+01
2.914933114732411923e+01
5.791625883284723386e+01
2.548098832978939754e+01
3.204875841322518681e+01
2.836429811273410451e+01
3.417519560803668810e+01
2.685402022795551602e+01
2.905663638791884296e+01
3.061261416549677961e+01
4.338895535282790661e+01
3.698566013385425322e+01
2.479211990730073012e+01
3.266117390634462936e+01
3.970929046155652031e+01
2.806733243794587906e+01
3.185474922956564114e+01
5.368244032998336479e+01
5.871170846909217289e+01
3.420341025448578876e+01
2.638734555851260666e+01
2.325943300911058031e+01
7.396622665231916471e+00
3.827838045140379108e+01
2.407516201119869947e+01
2.245280826159159915e+01
2.856438059621723369e+01
3.536035296732006827e+01
2.598937280225590030e+01
3.155786597772930691e+01
2.840921197048737668e+01
2.803513665349282746e+01
2.622938491887907730e+01
3.158583491640055740e+01
2.109001637457595280e+01
2.318797320389683136e+01
4.576973427517350501e+01
3.079471809914684854e+01
2.483448172221412165e+01
2.911754054658013047e+01
2.694917777972295880e+01
4.561427908076439053e+01
4.910076027724426240e+01
3.168424076304290793e+01
3.768885228942781396e+01
3.217118379777821247e+01
2.754008821539503060e+01
2.458562079353578156e+01
2.535891957773128524e+01
4.381324921593477484e+01
3.073472805357774007e+01
3.141649687840254046e+01
3.777025542640012645e+01
2.576553915334989142e+01
3.272379133494541747e+01
4.931926441344694467e+01
4.099510186590487137e+01
2.306115053929022451e+01
3.042957754735652998e+01
2.390512598224074736e+01
2.056901353462308180e+01
3.464516695089696441e+01
7.361297358780575451e+00
2.404299123834425700e+01
2.754804461420280859e+01
2.793845344579494849e+01
5.341848206374561414e+01
3.281903807791695726e+01
2.648247129323863192e+01
3.148150056583108380e+01
2.331205142294697907e+01
4.250652690560673364e+01
2.882018066726811867e+01
3.534353196334450331e+01
1.752467574423644692e+01
2.718342233175826550e+01
2.704355359609712650e+01
2.675498062657425180e+01
3.258166432834696025e+01
5.412581057284842245e+01
2.367610267634972843e+01
2.365248079781440538e+01
2.096973468280339148e+01
2.039594059612136334e+01
5.055604478425811976e+01
2.802745030559674433e+01
2.120180191176041262e+01
2.540905895704963768e+01
4.002670233554090373e+01
3.539279228420946311e+01
3.060133240208597272e+01
2.935532977385522102e+01
3.413209785092658421e+01
3.456224019480578136e+01
2.969791598172014346e+01
2.917346049028856214e+01
8.957099514298988652e+00
2.640195632288669003e+01
3.820516874027089216e+01
5.150548880530315898e+00
2.466678467160272703e+01
2.561973255463999521e+01
2.294365993916653679e+01
3.358170479760337912e+01
3.224905053813927225e+01
2.852570151588588487e+01
4.740175588286365382e+01
4.464633594336919487e+01
2.949404601502646983e+01
3.026706440381758512e+01
2.953501423524058112e+01
2.558996439309703419e+01
3.526912831623849343e+01
3.469585760740119440e+01
3.004918392086801759e+01
4.105709233001107350e+01
2.501424112504719233e+01
2.707410388637799770e+01
4.005256131920032203e+01
5.329015297268779250e+01
5.768563900067238137e+01
3.037087140450643119e+01
2.566973309555396554e+01
3.116097648480354110e+01
2.417208349012071267e+01
2.754058180261927191e+01
3.297788912698160857e+01
3.812226256134454161e+01
8.037336709578994487e+00
2.495580125127162319e+01
3.161277367157799745e+01
2.915511721686198143e+01
2.170356285235175164e+01
2.268872073673992418e+01
3.865154011256527156e+01
4.116182853430109390e+01
4.635656363481757580e+01
3.260482717395098007e+01
3.713030154712032527e+01
3.160142793870181777e+01
2.738697296101599932e+01
3.657549652081365821e+01
2.851790127043159373e+01
5.428122421685839072e+01
2.745485437107254256e+01
3.907841775670567586e+01
5.605865597550291568e+01
2.378958655903625186e+01
3.635248100294847973e+01
5.058313001359056216e+01
5.601514796182163991e+01
2.819159228949501994e+01
5.738753026433914783e+01
5.495733525347895920e+01
2.807348529444425367e+01
3.308569778067612788e+01
5.395994266288471408e+01
3.231373506051022559e+01
2.506456146632899618e+01
3.027750642055616481e+01
4.561062113614752889e+01
3.001129231511731632e+01
2.360696957643813221e+01
5.637800587950914633e+01
2.367996267769467522e+01
2.457659052054077620e+01
5.129364249077298155e+00
2.520822088718705345e+01
4.722345038556886720e+01
3.253576878886087798e+01
2.879735117189591165e+01
2.929396536404691176e+01
3.156342188895746403e+01
3.246490153360900877e+01
6.144545143702998757e+00
2.731307660156744532e+01
5.211213197456709167e+01
2.268969003062375123e+01
2.611221128448596573e+01
4.719640540810542007e+01
5.606329215891310014e+01
5.031715642733252025e+01
4.967945547419367358e+01
2.728756258396970225e+01
4.901030393288237974e+01
2.782742444226823864e+01
2.389370472849327598e+01
2.641099266219043784e+01
2.326932000365695785e+01
4.554080517608963419e+01
2.702201991676474790e+01
1.737699639747734182e+01
2.209768532969610533e+01
2.727629227000488754e+01
2.114231683339494339e+01
1.876603492174763232e+01
2.709956105845708407e+01
3.184014498200849630e+01
3.311444314860273153e+01
3.347109104140690761e+01
2.879166948159900130e+01
3.139762833949134802e+01
3.808364036006969400e+01
4.785034271494077984e+01
4.695708291993651073e+01
2.368156969497158570e+01
2.241409523480297139e+01
2.497021038246748503e+01
3.916495260899682762e+01
2.825738378473033663e+01
3.231000079393561464e+01
3.350380800759739941e+01
3.063198526015912648e+01
2.927291696510110341e+01
2.816878640861250460e+01
5.149367620107659604e+01
3.114134338914300315e+01
2.990786372013826622e+01
2.662137478939115454e+01
2.096418566758802626e+01
2.418634873749897451e+01
2.275242112507839920e+01
4.326336589144193567e+01
5.469890489708632231e+01
2.297583796282833646e+01
2.583689998911313523e+01
3.353251576567254233e+01
2.944968268611972917e+01
2.264795267880026586e+01
3.149323093602106383e+01
2.815183849455706877e+01
2.553408547746948898e+01
3.205740400639274412e+01
2.946249684636495658e+01
5.142307408657507040e+01
3.387215191974405570e+01
2.659382636891677976e+01
4.878670899220742285e+01
2.031860857025458245e+01
2.652276222968919228e+01
2.782498971550376154e+01
2.996362139502889477e+01
2.419086190007146797e+01
3.140354055638363207e+01
2.914303633153031114e+01
4.561705181020079181e+01
4.228178436778034666e+01
2.134773279060937057e+01
4.670546817007925711e+01
1.890813765837810934e+01
3.735453627751121530e+01
2.636320782482289360e+01
3.212937891232172660e+01
2.590001007937519262e+01
4.171634452065336518e+01
2.322307202228694223e+01
4.804090306573198177e+01
3.169420728441764368e+01
2.718293243555490335e+01
3.954854975350826862e+01
2.303150185829895236e+01
4.315869941643450147e+01
6.318448048085684832e+00
2.820065071989375838e+01
2.792464808389922837e+01
5.535899538695957744e+01
3.496769138774106978e+01
2.494602574902819470e+01
5.155382725747767836e+01
1.859168358465831261e+01
4.207331147995319043e+00
4.636525954236276448e+01
2.225856579157243686e+01
1.796080874305334873e+01
4.464191043654864188e+01
5.877470921881831600e+01
3.230835783160978281e+01
3.570872379693901166e+01
2.794248692403198220e+01
4.496428882662803517e+01
2.496322755373694235e+01
3.330450383781135315e+01
2.894729347390421026e+01
2.854221440450055525e+01
2.805133869048222550e+01
2.981282152237145056e+01
2.561143855261980207e+01
2.487260944616906500e+01
2.382697559522057418e+01
5.743226540990872309e+01
4.148448535799849424e+01
2.769810374247924756e+01
3.274303938109915180e+01
2.694925701238753390e+01
3.012253856774077576e+01
3.057507392075240205e+01
2.694866207984662765e+01
1.967025687578552606e+01
2.499211002280208049e+01
2.337141881888965145e+01
3.786978970955578916e+01
2.546419232054631721e+01
2.641138167809198478e+01
2.590863269111923728e+01
2.784111851758279954e+01
5.871410512361944711e+01
5.655787326054996811e+01
2.493853288494756271e+01
2.382199023714588293e+01
3.147886981352769453e+00
2.948615306589636020e+01
3.175334537247545086e+01
2.512169049831277334e+01
5.280321351665770635e+01
5.840787484676366148e+01
3.961954868207249092e+01
2.839451521161754499e+01
3.283181050575512927e+01
5.709617474541300908e+01
3.481982657500975620e+01
2.949155309765865240e+01
3.218012199347140267e+01
2.665530831553405733e+01
5.368141318089328706e+01
3.424568253131292295e+01
3.251916425378180975e+01
5.714694025213248096e+01
3.654394082853832515e+01
2.827047731233324157e+01
3.975456694135209545e+01
2.896182278103196950e+01
2.603711582735741104e+01
3.947787675925064832e+01
2.990742113067062746e+01
5.812462933118877118e+01
2.631162421470662593e+01
3.304934468104329426e+01
2.817368593784226505e+01
2.519342963906456134e+01
2.318372342782686246e+01
4.340570070885587484e+01
3.225258373224642128e+01
2.261136544199621312e+01
4.517372810009692330e+01
2.602927507761251036e+00
3.549273089161033568e+01
4.241402687893855727e+01
2.123733640970522174e+01
2.594176832380253472e+01
2.732446693594101816e+01
3.469936844825861044e+01
3.185794726983476721e+01
2.862469913704626379e+01
3.693166128224402200e+01
2.174232316712732427e+01
2.823938182605525071e+01
4.636712068683118559e+01
2.427750417270362959e+01
2.843047696870371510e+01
2.682313040094413736e+01
2.575424083371945017e+01
4.546205960025417880e+00
3.046150120043103016e+01
5.048279899288900197e+01
3.959987582742178347e+01
2.789253691070462082e+01
2.133954337588511407e+01
2.213118373041652376e+01
3.265958944132671604e+01
2.509796497445495334e+01
2.414476198390912032e+01
4.075001073404564522e+01
5.895799668456493237e+01
4.153436513536144048e+01
1.046749770457427076e+01
4.052334137366142386e+01
2.615967568635824136e+01
3.431070806048228405e+01
2.555007447686512023e+01
2.510978897393317766e+01
2.918949521859394736e+01
5.491326151223620400e+01
5.513952221144791110e+00
2.011907076164061436e+01
1.037623095382696192e+01
2.692983118054037206e+01
2.619543113950264512e+01
3.188849118117832404e+01
3.650479297109995969e+01
5.233867425896460190e+01
1.194930375013063895e+01
2.636464392665402556e+01
3.204617559685721062e+01
2.359145265861297958e+01
4.824999165273402468e+01
2.897671188317966084e+01
2.581011104023491498e+01
3.553320027284280513e+01
4.800643424922600389e+01
3.514201718582535250e+01
3.204732606082689017e+01
2.279239289457143514e+01
2.896482586274032656e+01
4.376697818886532332e+01
3.203689104073328053e+01
2.218701185111308405e+01
2.949016098585912005e+01
2.660154557190890046e+01
2.340023005506554910e+01
2.914169022501710060e+01
3.601141447401096229e+01
4.836083701891766395e+01
3.601685751354852982e+01
1.281794648361392319e+01
2.652743818424642086e+01
2.131099696691296685e+01
3.156724200765165733e+01
2.760136653300730813e+01
4.056858782163544674e+01
4.422263987047881528e+01
2.343718263938717428e+01
5.248799990079714917e+01
5.740285726733105776e+00
3.314694152205629507e+01
5.405452491249889135e+01
2.574065971879463177e+01
2.614215589656214433e+01
2.559433354220163892e+01
2.450056843504580684e+01
4.372147252518334426e+01
2.368738963452415192e+01
5.428635705498163588e+01
3.125848340737866238e+01
3.016323591047876107e+01
1.317469368909223704e+01
3.635600843948452621e+01
4.129230552728404291e+01
3.188393393606020254e+01
1.439098072965862229e+01
2.702649566435138695e+01
5.909498869001163257e+01
2.133207034835504601e+01
2.546639471264279564e+01
2.549674587654135394e+01
2.806986378372948820e+01
2.727180113369831815e+01
3.027451265172908279e+01
2.628605476671873475e+01
3.121309457138704602e+01
4.097090298603689007e+01
5.020636657765135169e+01
5.217552681433244288e+01
3.902321359906636644e+01
9.153887491105706431e+00
2.671025479895504162e+01
5.238721759568579728e+01
5.840605729823255388e+01
5.657759503528359346e+01
4.205524802731815726e+01
3.477332881699476275e+01
2.596602010164497187e+01
3.861712516209809110e+01
5.649763238560080936e+01
2.135075177127873758e+01
1.925448004879581276e+01
2.507470256120359409e+01
3.092097743460726633e+01
2.624727191264904036e+01
3.254849871097394498e+01
3.093600974952958893e+01
2.262473115350258013e+01
2.356669218552997336e+01
5.113551124098012224e+01
2.328041459214136921e+01
5.893089670711106010e+00
6.839065054783532105e+00
3.049795466963860235e+01
4.417238282680045813e+00
1.829784043558720441e+01
3.667245928586390846e+01
3.333190878637924470e+01
1.523881607567454921e+01
2.821329016501113074e+01
2.896318640425874946e+01
2.910363581620558904e+01
1.723361282595578814e+01
2.744876453963479435e+01
2.447470903504290618e+01
3.642906203547318000e+01
4.337252786937460769e+01
5.778072555532889965e+01
3.807939651174820028e+01
5.240770271833753213e+01
2.630760252555228362e+01
2.903924854051456350e+01
3.329459639683409478e+01
3.166108544323833485e+01
2.863667958957893234e+01
2.435569143609609455e+01
2.665934495442343177e+01
2.774889572538654647e+01
4.918799029599176720e+01
3.607711629596110470e+01
3.023414581619545061e+01
4.814581742591690272e+01
2.375409282889995666e+01
2.779877770639586743e+01
3.246732430789552382e+01
3.628241120898746885e+01
3.985663975679199211e+01
4.788477298599173082e+01
4.475719929523484097e+01
3.958887125761248171e+01
5.312863133358769119e+01
2.459729501953370345e+01
3.077183897517807054e+01
3.234647604835117818e+01
4.046064904935337836e+01
3.157841203027783195e+01
3.577021391050038801e+01
2.569763913986753323e+01
3.970719851169269532e+01
3.631529338399195694e+01
3.131458009456400760e+01
2.493836022928007878e+01
2.882847825187740654e+01
2.916280051986768740e+01
2.898539233904739376e+01
3.018621622640102942e+01
4.658798342125373892e+01
2.610780234736739658e+01
4.935321021581330569e+01
2.563161374653645908e+01
2.687667981677077478e+01
4.128763848695962224e+01
5.580996106436941773e+01
3.605793213527067564e+01
2.097273768599913524e+01
2.473230751347728074e+01
5.808955748247535666e+01
5.842599436183081707e+01
3.135270950767153408e+01
3.271905968281498645e+01
2.578918318720388925e+01
2.271906259241768566e+01
1.012982972754252842e+01
2.971062640532950638e+01
2.924326988025859464e+01
2.491823884189216187e+01
3.805044526502024382e+01
5.729555100762809161e+01
3.040786910257156705e+01
2.671482405206188560e+01
2.484234947206277866e+01
7.117083013850788120e+00
2.483423575683991658e+01
2.864298685651374399e+01
3.099972135885423086e+01
5.644206530055089388e+01
1.930110527265605924e+01
1.914887919620377943e+01
2.664040026242037129e+01
9.779579462623587460e+00
2.702832514944020659e+01
3.059186903413433356e+01
1.679116255514963996e+01
2.368300144687873399e+01
2.587301973447029013e+01
5.666064871395428781e+01
2.823141323088225363e+01
5.761150615874066716e+01
4.566525558097055182e+01
2.597821404707065085e+01
2.730458056096540531e+01
4.156077501152867626e+01
1.519355284531593497e+01
5.202412106579868123e+01
2.962429415260703536e+01
2.409911900153383613e+01
3.147379814427631572e+01
2.669777173793409020e+01
2.665800776704782038e+01
1.327731939146178775e+01
2.825448146778217051e+01
2.444550976058951619e+01
5.694092228706722381e+01
5.748971694646024844e+01
3.026129262217682481e+01
2.542232522591075394e+01
2.919578146398384888e+01
2.232322539286417395e+01
4.595999665606359486e+01
3.809099191549466923e+01
3.684160595550201833e+01
2.571237393497995072e+01
4.485535723624343518e+01
2.560612220153416274e+01
2.618470252008319221e+01
3.599822371584014036e+01
4.758780722244409844e+01
1.253952962796029169e+01
3.789917422644793987e+01
3.776409900264116004e+01
2.324408086485198055e+01
2.551001478605701323e+01
2.432121453747095075e+01
2.479181737394628726e+01
1.675216028305112559e+01
7.757742335939155964e+00
2.343054897212897458e+01
2.764410135071148034e+01
2.016358734186152901e+01
3.428710107303140830e+01
2.972279353135672864e+01
3.285105824889615178e+01
3.062052239474360249e+01
3.319111745576810790e+01
3.870916004333412275e+01
3.075721359947419842e+01
2.648093987444372033e+01
4.857802024082445769e+00
2.732828588459506136e+01
5.309720242151524872e+01
2.476769210318798287e+01
2.623628995584234502e+01
4.832843310004727755e+01
3.187445372034562752e+01
2.592819104249065276e+01
4.756233795220032334e+01
6.873499148010978388e+00
3.596541554923169315e+01
2.819951134177972563e+01
1.698035999203784741e+01
3.133740367493714984e+01
3.559916137719119433e+01
2.740425417663573171e+01
2.382727389610449276e+00
2.487181701812642132e+01
2.761936527404668595e+01
4.203505775958578994e+00
2.904513547850001487e+01
3.183010969293991366e+01
2.884853356448547856e+01
5.446725556981982663e+01
2.322313742839287443e+01
1.930607792150112800e+01
5.738551901180471759e+01
3.959637830952124204e+01
2.963700535086536547e+01
3.123418172811534532e+01
2.476119307727367413e+01
2.948612444458740356e+01
4.960285278163792100e+01
3.621962867572437972e+01
2.911887072965691914e+01
5.225234480193466879e+01
3.254249404166876047e+01
2.620983901398722082e+01
2.639104599760867131e+01
2.785037838325752091e+01
7.280495243041514186e+00
5.024030808231327683e+01
3.709813363559987920e+01
3.306028213596437126e+01
2.291249927224998828e+01
3.304795212923636427e+01
2.515417596519000654e+01
3.162138993601183756e+01
2.295250324892941762e+01
2.544426153622953279e+01
2.376560906183658517e+01
4.025299139671187731e+01
2.422675589023492648e+01
2.177116304536952995e+01
2.546614584838971496e+01
4.584618351443350548e+01
3.137169672039090074e+01
3.328596574053435564e+00
2.425163737637558370e+01
4.945662095060106367e+01
2.881625365750369383e+01
3.128364071187024820e+01
2.670212520709537785e+01
2.840312378013913985e+01
2.029522676116357616e+01
2.154976498277483188e+01
2.007001903830678202e+01
3.429438788938568905e+01
3.131994661299358995e+01
2.831677792580012465e+01
2.259272161140233948e+01
2.662550809195090551e+01
4.439844182925298810e+01
2.914965170261712046e+01
3.230804580714902841e+01
2.546779227402021206e+01
5.370340771914925426e+00
2.833874258935247781e+01
4.100222766980914457e+01
4.891434925109933829e+01
2.902677834784049082e+01
2.815515405361597345e+01
2.975524496627974713e+01
2.992153283027602129e+01
3.196646462992339366e+01
4.975788988173007965e+01
5.216602822847198695e+01
4.010170146086602472e+01
5.617906418915663380e+01
5.542869444220559672e+01
3.505613764060376525e+01
1.986831148387864232e+01
3.559137956328777364e+01
2.404828843432733265e+01
1.430759799793304410e+01
2.899320154986344278e+01
3.499662710084703576e+01
2.751762175731585103e+01
2.763651223204561802e+01
3.108270422561326995e+01
4.099264617546577938e+01
3.146643972496713104e+01
2.807967236508557107e+01
4.348896489774051588e+01
3.611070128819665115e+01
5.917582008735007548e+01
3.369543105451157317e+01
3.168105391720018815e+01
3.231349897175567776e+01
2.845524083425698336e+01
3.973583065622369759e+01
2.763765293136825818e+01
2.448434956718119793e+01
2.402771687545100576e+01
3.202030148079211358e+01
2.594644547814095858e+01
3.226629137765849009e+01
3.810062919749179855e+01
3.883307647825859021e+01
3.431955014829645734e+01
3.478634934538786183e+01
2.741965148994677293e+01
2.559030825474064841e+01
2.722029681838466786e+01
2.890514873203937896e+01
2.516584577364847064e+01
3.947207026144315023e+01
2.630131764813077311e+00
2.202092953766987193e+01
2.786270454528312257e+01
2.417027302701171720e+01
1.830705388064961880e+01
2.871807826485019177e+01
3.113644374581053853e+01
3.326550608746765647e+01
4.386251253476712009e+01
4.402154058558699035e+01
3.643803402638150146e+01
2.827923195791663602e+01
2.690488406433723867e+01
3.466181038343347609e+01
4.619473726926145218e+00
4.094148849041084759e+01
3.019147611479317561e+01
3.172741202340421296e+01
3.029728029301622882e+01
1.578227860282640904e+01
2.547352764879633469e+01
5.535288355138618499e+00
5.543031691018455831e+00
3.072144606133952038e+01
1.941357883717864752e+01
3.755349712277939034e+01
2.627749916561515420e+01
2.727942008534228080e+01
1.528053522598929703e+01
2.865875384992978070e+01
7.264298478875389264e+00
3.920759166128482320e+01
2.522258418010460446e+01
2.909794933038938325e+01
2.887982929097779561e+01
5.240776214774086839e+01
5.507459281425690278e+01
2.695392588626771158e+01
3.044793133375327443e+01
2.300291785268882450e+00
3.327822278595704120e+00
3.860778241017214896e+01
3.110163828965028188e+00
3.054712715703180947e+01
4.246870276697154623e+01
2.751355682905705180e+01
2.576982818077522097e+01
2.761991712381939124e+01
2.789300623721919692e+01
2.416033477456539913e+01
2.533693601586855948e+01
2.825927011149178725e+01
1.903477688680868596e+01
2.938791474405297777e+01
2.419961791351670399e+01
2.224473789022664505e+01
2.670806868347699492e+01
4.498356715445697773e+01
2.671073048540529271e+01
4.704128547407344740e+01
4.534900182050296280e+01
8.148900497064460069e+00
3.604396597824234050e+01
2.989333911351809547e+01
5.815676551893557189e+01
3.091650584456874640e+01
3.711189944995567203e+01
9.372741862698603654e+00
5.595671845157266944e+01
1.941501719364896417e+01
9.955137553602980915e+00
1.945108043600932035e+01
2.946279152867464290e+01
3.145287672124959499e+01
4.435687176889041439e+01
3.072389673014504297e+01
3.319106418476258114e+01
2.899560674827526441e+01
3.675201634815130092e+01
3.303103255270286809e+01
2.772024965020477794e+01
2.648751728273720119e+01
3.119422208552714437e+01
2.873691721440991387e+01
2.604430410517670680e+01
3.373676966493428608e+01
3.283864048120813095e+01
2.808576015090784495e+01
1.867775137032072053e+01
5.175825383304618299e+01
2.891648978750527021e+01
2.962198236324104528e+01
4.884798694022720156e+01
5.436447289545321837e+01
2.714234626300458331e+01
2.686567122329142876e+01
2.896320489277377419e+01
3.125108314688441169e+01
7.598331683642754797e+00
2.720812440540305488e+01
5.309117753148893826e+01
2.823966667816148401e+01
2.569369894052942982e+01
2.680683939562732121e+01
3.709148786240169215e+01
2.902017273698947974e+01
3.617128350179700647e+01
4.941869663024408510e+01
3.187392114469548687e+01
2.616607922399998643e+01
2.757734830678782600e+01
4.032949989007192926e+00
3.558555985867951676e+01
2.579605931079413494e+01
2.292198018910858082e+01
4.600919586958480068e+01
5.919915356435922149e+00
2.466377227827160823e+01
2.204179722841217881e+01
2.390562352920505873e+01
3.557620404443696316e+01
2.588741446015410475e+01
2.040725490230761352e+01
3.016700279139331542e+01
4.745910101971821859e+01
2.524970940774437622e+01
3.694239946008747211e+01
5.126451058617749368e+01
3.209230034575591617e+01
2.483097174636714044e+01
2.647902124936808832e+01
2.398282057089272712e+01
2.654993068591284100e+01
4.257267791166668758e+01
3.265266559714325467e+01
3.426031269797567802e+01
2.929589120188029483e+01
4.128356670801440487e+01
4.278926612409850350e+01
3.828451330617826898e+01
1.836578852131060557e+01
2.658356718720926892e+01
1.428091910307557555e+01
2.177905048149114009e+01
3.047036965349798265e+01
2.679698615377128590e+01
4.453530894462346623e+01
2.377669554110161698e+01
2.930039615226178285e+01
2.492134205520414980e+01
2.946305636347605628e+01
4.524258104024920613e+01
2.780461020578445641e+01
2.557635336522071157e+01
4.164671411248855293e+01
2.882571444520726800e+01
2.484560448941556388e+01
2.082932460152369458e+01
3.365545442463189829e+01
5.551180249555909541e+01
2.701223860689788125e+01
2.391369734864565544e+01
2.553290841723537596e+01
5.582699678040808067e+01
1.559812710378901102e+01
5.158616183092817664e+01
3.681808824729432672e+01
3.012386320625410008e+01
2.507950715475453762e+01
2.990482369750679936e+01
9.196565673063332724e+00
1.155324642894174758e+01
2.327544311589008430e+01
2.943637329726334428e+01
3.539557860508284648e+01
2.478146455022942973e+01
2.692434596631755994e+01
2.487694876668592769e+01
3.503100481040019076e+01
2.104853696058853529e+01
3.202129069957118190e+01
2.763629852887606830e+01
2.591842348248684402e+01
2.732858167035601582e+01
2.999815281028168101e+01
5.446409187096287496e+01
2.855961870883038500e+01
2.705319791833971976e+01
2.242548694183642510e+01
2.630140584963010042e+01
4.440168274992902298e+01
2.739297127413738053e+01
2.472776205835907604e+01
1.821166227557114325e+01
2.976587866505633428e+01
8.138978334381135937e+00
4.363757508437265642e+01
2.840924694827117492e+01
3.104495278061585850e+01
3.287125995320479888e+01
1.712224230616534504e+00
2.910561085358290256e+01
5.862546534247303498e+01
4.052436968539404916e+01
2.221861314970374224e+01
3.845518915895081591e+01
2.599958612147020176e+01
2.677200692629730838e+01
4.429565896713029360e+01
4.996548416744917631e+01
2.779262379038846120e+01
6.122361298238047311e+00
3.148167577300955600e+01
2.907937313349975739e+01
2.020250656578355120e+01
4.209155501782515785e+01
2.760262674358750701e+01
2.718281048540666234e+01
2.759787192422663793e+01
3.445990051935950760e+01
2.838979083384765545e+01
1.987443326298671309e+01
2.843607235364379449e+01
5.388524832751136273e+01
3.853790768188628135e+01
2.613279724601852649e+01
2.279522868720232509e+01
5.137688654706289526e+01
2.856264545805788657e+01
3.679565275197455776e+01
2.649573232942293544e+01
3.349738384677038994e+01
5.935991192053734267e+00
3.903479785229319532e+01
3.388687791172310426e+01
2.676860735025820759e+01
4.321640540735097602e+01
2.255034746919682220e+01
2.851342229947567830e+01
2.250552371726735146e+01
3.420845185394864529e+01
2.635712321790560964e+01
2.975497035713124205e+01
3.450849476395700322e+01
4.187028278422076255e+01
2.283158703597655403e+01
3.410105843048768293e+00
4.000809241058595944e+01
1.291630476160207763e+01
6.652831105273435242e+00
5.596483162194363103e+01
4.163514574620057829e+01
2.320724112301695641e+01
4.216265280424704542e+01
2.867302852705461191e+01
3.306402549062113394e+01
2.960597669112030417e+01
2.996740780939035176e+01
7.416211833480701898e+00
3.016942947530515085e+01
1.440023194013338070e+01
3.058852809711970622e+01
2.518991220593852631e+01
2.634419678105041385e+01
8.218619759936700575e+00
2.416534802160731488e+01
4.322735674267460126e+01
2.168736240815019300e+01
2.812004674966465245e+01
2.594149423746182492e+01
3.321333120731213739e+01
4.188754252940998413e+01
4.544210890991962515e+01
3.200186099430516151e+01
3.669065094241523184e+01
3.710310411473619752e+01
1.576250775074913690e+01
5.641332089362549596e+01
2.844616780991782434e+01
2.936198325062650838e+01
3.172493866992590483e+01
6.586463996143720578e+00
2.157123864602181129e+01
6.372192758990877337e+00
4.158679726347327232e+01
2.490794723405269906e+01
3.180322774703745381e+01
1.519611901478492655e+01
2.701721929899031238e+01
2.462091457945751571e+01
2.946171018518316487e+01
4.931642255850601941e+01
3.268947847740491852e+01
2.814215024001896381e+01
4.650538014288758859e+01
4.584487963367791963e+01
3.824335259705912904e+01
3.899302449384413194e+01
8.962413321620260831e+00
4.356856662469726871e+01
4.723570344535983168e+01
3.661220574757498980e+01
2.713167211123436573e+01
1.293227484911586789e+00
3.967186700980164460e+01
5.223217280619428493e+01
2.366646467819373356e+01
2.275877876625600038e+01
3.532086006934696343e+01
3.691489894703681784e+01
2.817958778668651121e+01
2.939758779439807768e+01
3.087417200824711472e+01
2.477608487655481895e+01
3.134356384754232749e+01
2.212120186352694873e+01
2.323380360778537579e+01
1.918501698405452771e+01
3.097606049387832172e+01
1.457408044431940652e+01
5.059640079238397448e+01
4.530557818538727588e+01
4.642688633121724706e+01
6.087611802301410080e+00
4.004389594574968214e+01
2.961161051629187568e+01
4.591357441211584955e+01
3.570792320719556301e+01
1.853921088628703728e+01
2.751907461478774053e+01
2.110406623863673303e+01
3.181036578315752195e+01
2.429864147190892254e+01
2.501100657451752340e+01
5.326928833191050217e+01
2.877322103239566786e+01
2.801312267589401017e+01
2.969015528340210608e+01
2.941493828163947910e+01
3.301990733819548041e+01
2.477018159413273679e+01
2.509470783680444583e+01
2.907246988890256034e+01
1.598590045005403226e+01
2.955808182612327073e+01
5.631953008711570874e+01
2.711313481984871032e+01
5.541403407884354237e+01
3.449000830001354245e+01
2.454378775661461987e+01
2.799697951527559781e+01
5.876816523095476441e+01
4.860233130631968379e+01
3.872041286251169367e+01
3.494469477873873409e+00
3.042638614936731756e+01
5.789723571077047382e+00
2.950054475925571751e+01
3.602324201890587574e+01
4.279082249803468585e+01
2.468263046041374764e+01
3.689867259116545029e+01
1.622110204698401503e+01
2.087278980753427504e+01
3.206001456847297959e+01
9.887321334557782393e+00
5.719498911473783664e+01
3.036223421334580053e+01
3.716629406666606883e+01
5.836206690090102711e+01
2.592529534313052864e+01
2.560829162697973516e+01
1.594696755398035748e+01
3.694497444402077235e+01
3.582710536711238092e+01
1.496626540982470033e+01
5.244044525618664920e+01
4.047306780130384141e+01
1.195453574592283985e+01
4.159305268967000302e+01
3.215862753575459010e+01
2.698021136198224212e+01
2.689210631302557886e+01
4.345732792424314539e+00
4.876611390987818595e+01
3.999596601165831089e+01
2.851646022221393650e+01
3.779650059828418307e+01
2.342174251093820203e+01
3.096458234266083309e+01
5.691491339326603338e+01
4.564143160332776006e+00
4.875170123085263185e+01
2.923046728296321817e+01
2.776655514386175128e+01
2.345170284638652447e+01
1.127846903059617034e+01
2.494967941381219134e+01
2.417248951049987227e+01
2.908726633601872891e+01
4.495947886483122602e+00
2.482582193992493558e+01
2.928603285512508592e+01
5.180491632098710397e+01
4.648130991061407258e+00
4.070111237202667098e+00
3.595756100529979449e+01
4.151012062496738508e+01
4.555944349279161543e+01
5.304130412547965534e+01
3.956983725604368374e+01
3.546511811667369329e+01
3.461372751024282479e+01
4.178643464663764462e+01
3.004963507943266166e+00
2.701421056295998824e+01
2.554034466741723008e+01
4.664913215077831410e+01
3.221639147714910223e+00
2.149611444833135465e+01
2.366765516305076744e+01
4.508786039007009094e+01
3.179425676890969044e+01
3.301138031523441896e+01
8.091467699599888874e+00
3.084086087725439995e+01
2.935811095722601749e+01
2.472070597907804768e+01
1.381442787731066346e+01
2.736864342908847902e+01
3.925952815672644647e+01
4.204252864519126831e+00
2.417796324476375958e+01
1.638409970729844645e+01
2.439445747981267232e+01
2.429931131309331249e+01
3.775634898059433908e+01
4.395170213146940341e+00
2.693013016463009990e+01
2.976296604626986664e+01
3.792824728296477588e+01
3.105451423364513630e+00
4.482397594826761633e+01
2.556279968879971420e+01
2.929457537858695559e+01
2.234876907115449285e+01
2.541466694313021435e+01
2.896563929477997590e+01
3.642489906138325750e+01
1.344201161381215570e+01
1.672838440467694454e+01
2.725516991915355902e+01
2.828334379539592192e+01
2.480800503803948232e+01
3.157109008248517057e+01
4.336169390514260158e+01
3.564002244683251774e+01
5.154345292145990243e+00
3.539949818091952238e+01
3.709255146043142304e+01
2.587326085161839728e+01
5.316234106494812295e+01
4.387729936663527042e+01
5.613973700883798301e+01
3.366378614431596361e+01
2.692094935980480841e+01
1.357872406547539867e+01
3.237061633897246793e+01
2.949033637268985331e+01
2.430646719490050600e+01
1.457918799315302749e+01
1.778526872328075115e+01
2.521355537118193979e+01
2.883038832437750898e+01
2.917761946865073241e+01
4.194965587693150155e+01
2.473345172259723768e+01
5.707305174215434818e+00
3.605243861285271123e+01
2.797558325020781922e+01
2.371728097237064503e+01
2.336413727339822799e+01
2.865464096360960866e+01
2.461889230404449336e+01
3.313605122602893971e+01
4.648663361489889212e+01
1.655552788508066442e+01
4.927037693862803280e+01
4.410540909938208642e+01
2.894052110521442955e+01
4.913047129038022831e+01
2.665967938017456618e+01
2.728261019062483683e+01
4.347804480012200656e+00
3.020188858509573038e+01
5.547933347635989776e+01
2.969074801638203809e+00
3.930356071513233474e+01
3.728933338016031485e+01
2.925796029500179429e+01
3.358640357516196673e+01
2.440970491608095472e+01
4.068235589996038470e+01
2.925146228566154605e+01
2.824901267221139278e+01
2.790408546674007084e+01
1.285405106609328385e+00
3.157649702056312435e+01
2.996477308010099705e+01
2.462415753246023087e+01
6.590606555088470486e+00
2.760969585529528558e+01
2.405961421400570543e+01
8.157348587591513933e+00
3.265157506941220333e+01
2.876401525852270424e+01
3.154932151119373884e+01
2.498869248347909888e+01
6.204469542237347923e+00
3.306781944314207067e+01
2.399551528128358768e+01
3.213612315287900856e+01
2.813118166192273861e+01
2.472432153258705512e+01
5.659495711256749928e+01
2.838344469629464584e+01
2.792288177510954483e+01
4.662026975891876646e+00
9.041975866100983694e+00
2.286617396411111258e+01
3.257296419350132055e+01
2.507470652378106024e+01
2.515656897536973702e+01
4.190826145408573211e+01
1.916713528893160401e+01
3.395439968491700711e+01
2.500735871148208389e+01
2.589070342501190680e+01
1.968794160409015603e+01
3.245509017816584674e+01
3.161783456410041282e+01
3.406256599849621125e+01
2.578014844834251562e+01
2.762332068332761992e+01
4.629116581885318737e+01
1.551399187841889216e+01
4.269390834221383102e+00
2.699573183286929634e+00
4.941167250889702700e+01
1.880201112549585218e+00
3.666145482947285927e+01
3.328355698766779369e+01
6.428095708285127330e+00
3.199624968216915022e+01
2.825035294308327138e+01
4.823956856643781066e+01
4.054757535754470155e+01
3.175244633315014653e+01
3.876305627012516197e+01
2.229899244502576039e+01
1.159393254196038470e+01
2.860790757294307696e+01
2.473552715332698426e+01
3.597069813050984521e+01
3.466902766663406510e+01
3.192527437792159617e+01
4.444082100380910560e+01
7.542849868717894424e+00
3.386355416081516978e+01
3.982761130232029245e+01
2.867681215756238089e+01
3.280819980351213871e+01
1.779077672272978816e+01
2.955392214876610524e+01
2.278917305495087930e+01
3.233073226876149420e+01
2.592079792167351115e+01
3.890405604097622927e+00
2.682596956073211913e+00
5.314726673555560410e+01
9.904550208710134029e+00
3.565731057208722632e+01
3.140320269169387757e+01
2.771615961873612832e+01
2.826213218760312884e+01
2.705639468558365479e+01
2.959949733898611157e+01
3.562886433759922511e+01
3.658466208022582578e+01
2.942904145099601010e+01
4.510635787350474857e+01
4.521670106840610970e+01
2.402343442935261919e+01
3.411858434910755022e+01
2.902315638946311083e+01
4.865829778558691032e+01
2.736449320270912722e+01
1.158048191874695476e+01
3.924794823001138866e+01
3.650922417706169654e+01
4.092298591966391541e+01
4.293358568313124124e+01
3.006417734781916806e+01
7.417615011494490318e+00
4.172527912601253774e+01
5.685452136595267802e+01
2.098714214654864918e+01
3.306044551786908414e+01
4.281259794527431950e+01
2.102867070122738369e+01
2.913625877514192553e+01
2.102894071428272582e+01
5.510502597946469905e+00
5.039137612970080227e+01
3.598316207598691108e+01
3.533222833578474820e+01
2.432047667633469246e+00
1.078186171560491857e+01
4.073743905161973089e+01
5.752277302635047818e+01
3.276047036767009502e+01
8.691723164891300257e+00
2.188493565452063194e+01
3.555475828952785378e+01
3.095919866540528176e+01
2.805058114082203247e+01
2.338996526064875070e+01
2.688364384224587411e+01
2.540913706980063580e+01
3.241321539890850545e+01
3.042423909578860730e+01
3.560822533896953246e+01
3.810075526932632783e+01
2.775305047452275176e+01
4.208677983471716288e+01
2.658931160138308769e+01
3.410306775697301873e+01
2.500989642463684959e+01
2.852827774943398254e+01
2.702293190442205173e+01
4.265120531228603795e+01
1.695508336467901245e+01
4.118526781769105582e+00
3.198220569487768561e+00
3.664847388109774329e+01
2.149094283737940714e+01
1.517124709365553770e+00
3.210906051642706416e+01
2.454522621331852861e+01
3.848664545753854327e+01
2.176316298440563735e+00
3.414289369209291181e+01
8.287367766330135055e+00
2.661857306142337620e+01
2.827951454127855868e+00
5.139933964289957657e+01
5.335806315581430681e+01
2.735620568178501344e+01
2.649356398708462734e+00
2.795456250067672954e+01
4.671859195153228939e+01
2.728366291380370967e+01
8.819310070713981986e+00
1.178178058573394082e+01
2.233424697092641509e+01
3.155543659795876010e+01
3.834477964530712768e+00
3.557778477216197643e+01
2.196634260661630833e+01
3.118863121937465621e+01
4.192925466288579628e+01
3.160910379526967517e+01
1.149049296880366455e+01
1.641221309819957241e+01
2.060529459937060892e+01
4.600629462366782718e+00
1.398735975916497409e+01
4.463494420149685560e+00
2.412553822863311836e+01
3.210834915482109864e+01
1.984005553622137086e+01
2.894417317419356550e+01
2.795709075721060799e+01
5.695438211590953870e+01
3.857071301879477687e+01
4.652899207710288465e+01
2.946115332380213658e+01
3.506867884076200426e+01
2.604442336688339310e+01
7.942049675981252221e+00
2.853197745866310697e+01
4.257068991975393146e+01
2.938800777130381903e+01
3.046055509934740257e+01
1.937963737387326546e+01
3.151910786263761111e+01
4.373518760116986925e+00
4.148417281256297429e+01
3.000771152193192393e+01
1.286356439344308455e+01
2.740217440453579911e+01
2.836443390158819966e+01
4.519281058307387866e+01
2.709175101513005757e+01
4.167868991172872484e+01
2.687458230696938699e+01
2.859304788532244856e+01
3.185349580560477989e+01
2.692571970999779296e+01
3.551482106715047848e+01
3.658058607735438272e+01
3.307693653256069410e+01
3.588637851748217145e+01
3.349355735637800535e+01
2.784546477576805046e+01
3.644163115028641187e+01
5.756248702368611703e+01
2.879216661880582251e+01
2.954463976755505428e+01
1.904437352115292015e+01
3.184382567507236672e+01
4.320328859959545298e+00
3.208193428452432272e+01
3.463928300447878428e+01
3.060664128172402343e+01
2.074961202309754071e+01
2.732110585929513036e+01
5.591277948254719377e+01
1.510446339612826705e+01
3.578414432202301043e+00
2.998424627503845841e+01
5.002938504290068522e+01
2.569815313831895764e+01
4.670314134296063457e+00
2.595970246849148566e+01
3.228479669483931502e+01
1.400585177539323922e+01
1.063641600313712843e+01
2.886976289439940047e+01
2.876953886985575082e+01
4.803341038506914629e+00
1.916880121428373940e+00
6.556785474435912420e+00
1.667732593731489033e+01
3.253320080052981211e+01
4.032898449412277841e+01
2.126088542499837786e+01
2.015153867513254227e+01
1.335946988686867787e+00
7.606377123782294802e+00
5.848733152377280931e+01
2.914790391411679593e+01
5.489100475577288307e+01
6.223633371915639145e+00
3.025051788172277156e+01
4.403648247737146448e+01
2.840620014134765370e+01
2.884800825114507461e+01
2.361702187127957586e+01
2.780808843492377491e+01
2.432918454419234422e+01
4.259556050976971164e+01
3.419472268672325299e+01
5.841903581533551915e+01
2.841453814666965627e+01
3.784910413206671365e+01
2.574957071655080654e+01
3.037477740272720439e+01
2.198067484357579815e+00
2.560396171554748435e+01
3.902120659798697488e+00
2.813151657172420528e+01
3.285608355101430789e+01
2.711617896594543708e+01
1.304748166239586560e+00
2.451604600035352632e+01
3.782512180130288471e+01
3.100246154225897044e+01
1.556243954419551301e+01
2.787490530070681416e+01
5.667392814037157223e+01
2.697528799278370570e+01
5.098994918445836078e+00
3.658271985663692760e+01
2.533811840753696742e+01
4.087593612528871745e+01
6.073086841712097339e+00
3.153431518805663814e+01
2.492783463281375589e+01
1.847542329506026704e+00
4.365829153289087117e+01
2.644663106827920274e+01
2.892269947432805566e+01
1.900182764736883190e+00
2.658610047757643358e+01
4.363858946494292468e+01
1.649811667120111736e+00
2.185718830225272313e+01
2.594339585465240816e+01
2.268974418362176948e+01
2.566650843734714726e+01
2.336537171968666371e+01
3.009117933567642922e+01
2.811170674877484998e+01
2.592378498489051708e+01
2.400379514342239418e+01
3.032457139798862045e+01
2.950275618614978157e+01
5.688743451584014110e+01
2.827122652529692459e+01
5.293631178890791489e+00
4.961869384333112976e+00
1.765252084786698106e+01
2.714629802253239177e+01
5.419471681682625785e+01
3.142475067011400824e+01
3.682179807132342830e+01
2.422849490303298126e+01
2.960924158059060574e+01
5.346808239548408892e+01
1.427153688751147342e+00
3.050320683577592717e+01
2.912373939289682312e+01
2.459575807128339875e+01
1.976264537220413331e+01
4.437334997666766867e+01
2.502565763815073296e+01
1.697390605207328917e+01
5.154840179343591444e+01
2.702727412917920446e+01
3.112558638996551963e+01
4.945238456036895514e+01
2.091634926213009749e+01
2.868628381586313481e+01
2.512377072581102766e+01
4.458556652252445929e+01
2.182463407082832418e+01
7.732773146950421506e+00
3.247250404642756649e+01
3.101631789214434320e+01
6.649089382208330790e+00
3.757478957060084213e+01
4.042207528854851262e+01
3.288130875732167624e+01
4.671557031617339817e+01
2.644775070114048887e+00
2.862461387110306532e+01
1.642824727849802002e+01
3.073802260807133280e+01
1.695658615446836848e+01
5.250391077238600701e+01
2.491946011826803442e+01
2.144050810374665161e+00
2.176828340077200608e+01
2.348582713628275087e+01
4.336117347514664289e+01
3.182767543666250276e+01
3.712387746828608215e+01
4.081567777854172618e+01
2.075348425414085796e+01
3.110698008033796214e+01
1.103240475435450207e+01
1.821392911819462945e+00
4.543074002163484693e+01
4.047781537933042273e+01
1.885424779214145019e+01
1.900244857858342584e+01
3.280255928045299640e+00
3.977478903533244647e+01
5.181416808859466983e+00
3.779682893713379599e+01
3.132560805294178863e+01
2.567358388558204751e+01
2.994675426164894816e+01
5.653282337135169655e+01
3.191059314757035281e+01
2.773163623851081638e+01
1.494659992153174244e+01
5.257495552575164766e+00
2.895416091255401625e+01
2.846840879012597725e+01
1.784892373662486875e+00
2.657598121527189505e+01
3.186244194985647482e+00
2.271202943727666934e+01
2.396215100027620792e+01
3.157057288230862468e+01
2.591421780028031208e+01
4.267041363334283233e+01
2.945323791093346699e+01
2.556845914319910662e+01
2.811369317702337867e+01
3.961949269512115279e+01
2.833278600386557855e+01
2.521292109896603506e+01
4.239636878599776537e+01
2.317972426852247736e+01
3.180229055196832633e+01
3.111149884629412554e+01
5.325119132618419826e+01
2.471055420592392693e+01
5.575084870644786861e+01
2.773678764706528455e+01
4.686229258810635656e+01
1.950001900281313283e+01
2.656280442914419382e+01
2.823585176756807869e+01
3.837597015779829235e+01
2.205724291520255065e+00
2.597946476154191942e+01
1.059437602147227153e+01
2.699487964852346522e+01
1.828121272548560228e+01
2.956163531884254780e+01
2.879830715735442936e+01
3.454311763995792717e+01
2.709957279408445174e+01
2.845791149901924655e+01
3.004131539788068039e+01
2.850950096925225807e+01
2.089397737776971553e+01
3.215602803037381818e+01
3.743827916744157847e+01
1.169881275713851210e+01
3.080121526905531937e+01
3.790620009414851665e+01
2.162780683767778100e+01
4.941780619191932011e+00
3.162385676839903681e+01
4.481980666323215701e+01
3.275023199611860036e+01
4.621558731596451253e+01
2.474290295485661773e+01
2.611537991795124825e+01
1.042451646433619317e+01
3.486983846497560080e+01
2.739827090674498322e+01
4.361384650275795138e+00
1.951274129166267812e+01
2.140616831424290467e+01
2.615865185899060918e+00
4.062024429359007627e+01
2.378450149375748879e+01
3.294051044633488345e+01
2.484473605263337959e+01
4.980378210954768292e+01
4.781931504953536205e+01
3.743508047624709434e+01
3.992233599837345537e+01
3.306378323822718812e+01
8.659752844634567737e+00
2.748246321700935368e+01
2.546252619506457648e+01
2.759792398774152389e+01
6.144089351493221329e+00
5.434830963407875970e+01
1.058895847539201895e+01
3.025895420169217687e+01
3.073187952212174423e+01
1.909442223776178116e+00
2.094471696953951323e+01
3.080078105564462021e+01
4.622328183988429373e+00
3.934300240630739154e+01
3.941089999080850248e+01
5.402328823172138073e+01
1.741084876678360160e+01
2.306896670481364708e+01
2.822098570488287805e+01
4.372034092898388735e+00
4.461238800489809364e+01
3.338008069830539171e+01
2.987188326742409927e+01
3.823199782130541280e+01
3.619687152092410543e+01
3.172844215744407848e+01
4.853420162892143708e+01
3.346567415280151181e+01
2.773889612678658523e+01
2.784222659909573849e+01
3.834801972498098621e+01
4.878748606217777706e+01
3.301537475470877325e+01
2.528490881525067380e+01
2.846750825174967758e+01
3.078376499717882098e+01
6.421103544529614737e+00
6.207534718694091680e+00
2.327429372555729969e+01
3.093806223724095616e+01
3.452142226100841071e+01
5.612009256816236302e+01
5.199458291789051145e+01
5.776005517083103769e+01
3.609685227257432416e+01
4.815942164204898290e+01
2.779692658359363122e+01
2.705757401268505191e+01
6.751589193912877818e+00
5.509017273626523092e+01
2.943839442295939079e+01
2.748199744257726707e+01
2.796568320210189995e+01
2.829331075672962470e+01
2.204791049666982872e+01
2.849354882758052554e+01
3.313505138583786902e+01
6.896643362612394412e+00
9.158662881069176365e+00
2.095856065826637860e+00
2.966691792060737498e+01
2.673720954616464951e+01
4.215944315970409662e+01
2.269911491485254373e+01
3.478264660913555417e+01
2.320374467379588168e+01
2.961262319388242759e+01
2.642368288696161471e+01
3.736759754717604665e+01
3.835585851094219834e+01
1.988186453894013539e+01
5.206703795341309160e+01
2.239883569160883781e+01
5.549422924472673913e+01
2.793669180403594510e+01
7.244022746737755369e+00
3.217209580868802732e+01
2.699628400132689876e+01
2.838943895359625458e+01
4.363561704894527793e+01
2.700327023490717693e+01
3.091580883083918252e+01
3.053579317244930280e+01
2.677261493855621666e+01
4.089866082554074467e+00
4.319035785338564892e+01
2.750251195709097374e+01
4.512106670514913276e+01
2.533518922797520645e+01
4.961105567764025182e+01
3.333904024626826867e+01
2.391123690009771963e+01
3.441817516749870265e+01
4.610495113418437541e+01
4.625394040526589379e+01
4.761589664502389496e+01
2.461266620886817691e+01
3.097860869036503573e+01
3.785209794813999906e+01
2.336675729745911667e+01
4.939551802491769195e+01
2.828274116073953337e+01
5.451824757258145837e+01
3.051098092916072346e+01
2.684372166858247510e+01
2.866183081668714294e+01
3.024816773486782040e+01
2.612502394036346232e+01
2.802305764338863980e+01
5.879662318735427107e+01
5.184736654965672642e+01
2.699184500409228349e+01
3.217572059380842120e+01
4.425906446509179659e+01
3.608802338204986881e+01
3.667931826605126844e+01
2.513589717639069931e+01
2.409924230727119721e+01
2.955735542356596568e+01
5.160101979231694713e+01
2.751332913323332630e+00
2.649234312283715553e+01
7.323462385258082463e+00
3.895141299090755638e+01
3.064054099849954582e+01
2.974839227450866019e+01
3.104048022330971435e+01
2.294981581339698096e+00
2.553377915696546552e+01
1.060263031207432505e+01
2.633985395731428980e+00
2.759005058654838649e+01
2.110503865717255678e+00
2.379383614609832875e+01
3.338780832595602988e+01
3.995926194911135099e+00
3.207638024853076786e+01
3.011302714666976499e+01
4.194621930115545183e+00
4.478009886016661767e+01
2.725010865379772440e+01
3.068021138033600437e+00
2.869274011855679873e+01
3.097863197283550107e+01
3.798637554206652567e+01
2.096376370028519887e+01
2.670527960928848188e+01
2.971819075601109716e+01
3.588416558445396731e+01
4.029700162308290601e+01
6.823701866466990396e+00
3.054366889676748542e+01
3.928534966759616509e+01
2.988284237384868902e+01
2.809769254502316471e+01
4.106158656495972537e+01
3.108928140722582611e+00
3.075786109762225351e+01
4.694381101903854869e+01
3.949644782349608363e+00
3.386907707176578697e+01
1.530540230557198811e+01
9.827976873598345264e+00
2.814883431030726868e+01
4.071790438343305141e+01
3.579789609330327949e+01
4.135246797002037056e+01
2.652943543429371687e+01
4.213502203184179962e+01
3.804268178277197876e+01
3.615255067506222986e+01
2.892134455451741815e+01
2.565316710228580632e+01
3.331149342603748664e+01
2.748608979383971018e+01
2.479949918107740814e+01
2.712976737342250999e+01
1.540244657370490877e+00
3.250136408435514568e+01
1.043130907654841621e+01
2.820854625967513130e+01
5.665303354919888079e+01
3.907767941421428581e+00
1.462970978964585811e+01
1.400893225798720332e+00
2.899705955986428307e+01
2.358239302466972731e+01
2.140595675228632899e+01
3.814403856947319582e+01
2.634322780128059094e+01
8.338886050391010940e+00
2.096384133271792738e+00
2.626088174836240796e+00
5.503882723458809778e+01
2.763792143047248828e+01
2.348516034225940530e+01
5.005234424080117606e+01
3.048250470298080472e+01
2.747690324399445672e+01
4.154239005869021639e+01
3.786988014087546617e+01
8.228599146490523708e+00
1.950818649021675810e+01
3.167386973939320338e+00
5.174737597879720852e+01
2.738214903427487457e+01
1.450384702294520878e+00
2.224925714256096398e+01
2.800512402538151946e+01
1.985817063459592191e+00
3.638600469550874550e+01
3.359524994762460892e+01
2.747270316520007327e+01
2.464486725779443077e+01
2.427415313079109183e+01
1.763776173269434366e+01
2.580296719877401301e+01
3.426275123046070803e+01
8.683526753867226944e+00
4.648134877809468435e+00
2.270647088902379096e+00
6.632290472127806424e+00
2.606855738015656243e+01
2.314981759723741561e+01
2.860285259995725937e+01
2.942113667435478419e+01
2.933583152262690419e+01
2.105703877180167183e+01
2.006910827867250191e+01
2.907445460670601278e+01
3.339958298407873372e+01
3.309411566892049450e+01
3.775997331648227373e+00
3.161521960684331134e+01
2.929347941604646621e+01
3.115750041862247599e+01
2.600700603650693665e+01
3.186142127279185843e+01
1.006101226579630747e+01
3.240897134885017294e+01
3.023526520234736381e+01
2.940246645045408513e+01
3.035883140533405822e+01
2.463897300948883640e+01
3.154695198110130150e+01
3.302862844143237453e+01
2.818379686833844744e+01
3.432349766679362801e+01
3.470762358218780719e+01
5.266984768753218304e+00
5.386124580731848255e+01
1.398601475982695463e+00
2.115538323627379214e+01
1.033864168245781912e+01
6.921241784380981699e+00
3.830193240614607930e+01
3.549116704135667533e+01
3.400993591065343935e+00
2.239102698440365202e+01
2.593960597744444385e+01
5.155315188990202024e+00
3.035723884584331245e+01
1.510354219241708051e+01
2.507477833945540624e+01
4.916216516715940088e+01
2.261399890802363188e+01
2.802307644683446597e+01
3.519814115365443286e+01
