2.804639958195121352e+01
6.090374506520358722e+01
5.519594956159973975e+01
2.335683532269012375e+01
3.520122173707243718e+01
3.436335501849404039e+01
3.663257240865794273e+01
4.411504393859623718e+01
1.849147778116755347e+01
5.760077163705482661e+01
4.370245783770254633e+01
3.479101499469131653e+01
2.968655228089183851e+01
2.208497686612539468e+01
3.772084752572057909e+01
6.249093535066921135e+01
1.581888103249771937e+01
3.407874520802149476e+01
2.573807983023208834e+01
3.359839524795378196e+01
3.634946206373344779e+01
2.632361270655237462e+01
2.789489876553320613e+01
5.622899548315208662e+00
3.821000337377468981e+01
3.055594752906889511e+01
6.346158522600187979e+01
2.694048634109673657e+01
2.511231616024860358e+01
4.312215370720090135e+01
3.968367553984088403e+01
5.927140682213276790e+01
4.550790091723452946e+01
9.297713443436910197e+00
2.797832065444153926e+01
1.349014312973632990e+01
1.907248764533115803e+01
1.980072763718808204e+01
2.298767196784708489e+01
2.658546739511549362e+01
3.278588581743345998e+01
3.320484195791461701e+01
4.092875277246385934e+01
3.543344694737950107e+01
2.227568623583768925e+01
4.841413127765607527e+01
3.576302404079077490e+01
1.666056906578051411e+01
2.460960768807412791e+01
3.422343763211906520e+01
3.569550862260049229e+01
3.192070610105033523e+01
2.854876259937687877e+01
4.461058016814737215e+01
6.298570253815318409e+01
2.910573383505569467e+01
2.910409414425779318e+01
4.063125895109973129e+01
2.717975645783572958e+01
4.063637315364544378e+01
3.986714249139395605e+01
2.634814195588236174e+01
4.469165016704865678e+01
3.643159161102547472e+01
6.519538194925134178e+01
3.845912951061196594e+01
2.655059659518558846e+01
3.619184925221272664e+01
4.001412279214243739e+01
4.937162215493133743e+01
2.891017628315662336e+01
2.794556186906012130e+01
1.969023608712887352e+01
2.260232167099879774e+01
3.317857554847520163e+01
2.579572335973599806e+00
1.855338325065408611e+01
3.591926279516047060e+01
3.894610771293340434e+01
5.541710319163481557e+01
2.817464988829274120e+01
1.815354342523811937e+01
2.679956490533864866e+01
2.469284301432249862e+01
5.256988744009085934e+01
4.195301776846277875e+01
3.382374832331273495e+01
7.094261282585206629e+01
2.128893020002373504e+01
3.767690532371155854e+01
7.193020366167725399e+01
2.419713669024778113e+01
4.997809590487226927e+01
3.203811488210256897e+01
2.669237153253492778e+01
3.148240280690415460e+01
6.380952148184376682e+01
6.769298756432381481e+01
2.404289406925928319e+01
6.260398177438579737e+00
2.315250612373807115e+01
6.207844174290797667e+01
4.116390102127424910e+01
2.852445002742012292e+01
2.627092108555435601e+01
4.564905312421930006e+01
3.725119234773830357e+01
3.467548981385939300e+01
3.313655964919311003e+01
6.280339991151825174e+00
3.170095196356984246e+01
2.807342545870132966e+01
6.285682138159975452e+00
2.187976214867355651e+01
2.569670082988834992e+01
2.149198956329782817e+01
3.661912760978875525e+01
3.230717114343374163e+01
7.458072275476231638e+00
4.393446484358104698e+01
4.408011313261550157e+01
4.595817291883920319e+01
2.808841455886803118e+01
4.148151492086443426e+01
2.524128708523664244e+01
3.129396305879807727e+01
4.123523476642636609e+01
3.174502885213771464e+01
2.726777261006338193e+01
2.322301927762205054e+01
4.587094350180577607e+01
2.717549753731034201e+01
5.627645966412952561e+01
7.287815085525836878e+01
3.697072962435068888e+01
2.803125878641883872e+01
3.731084749988681182e+01
4.694744185269794201e+01
2.291989266686551474e+01
3.855984165290904997e+01
2.193986785251735938e+01
1.415087776474879000e+01
3.101703405424373017e+01
2.646454040423039800e+01
2.979124651264972812e+01
4.837000259992597861e+00
3.851129116608060343e+01
3.317514984382363963e+01
4.305662251875096302e+01
5.364747429619423968e+01
3.266944868045495554e+01
3.439047151967135818e+01
3.114073575973306873e+01
2.967140715903109793e+01
3.726550251944612313e+01
4.572462273686672773e+01
7.064262215359595132e+01
3.192522748660936571e+01
4.105559666855301515e+01
7.324140681040957190e+01
1.638566625469760396e+01
3.892102013122714510e+01
5.694765708054566034e+01
5.786247545087760358e+01
2.935453667481043993e+01
6.188913001354577403e+01
6.598342386137586857e+01
4.039416706953920055e+01
3.153726776850501068e+01
6.519786542197802248e+01
2.336372360209141874e+01
3.541934771596898912e+01
2.464116269903703227e+01
3.777413528385843478e+01
4.930040856438235863e+01
1.738143021843858804e+01
5.628776057319455361e+01
2.255426857546037667e+01
1.434460502428188100e+01
6.309024926135370137e+00
2.870736014988789719e+01
5.622745429762553471e+01
4.310895897332843418e+01
3.357662863471065151e+01
2.820271640811744618e+01
3.863736014838334398e+01
4.923887546721160646e+01
-2.382170076740894871e-01
3.099393119822607190e+01
3.689329585526657951e+01
2.407001710252912829e+01
2.182761649136434556e+01
4.108888540560345604e+01
7.527651408418235235e+01
4.244570018435333481e+01
7.332146298455354838e+01
3.319008888779114130e+01
5.657422423868737127e+01
3.354902635735432881e+01
2.960410752349564945e+01
4.747918420932776229e+01
2.718856353392518344e+01
2.456718278228307639e+01
3.320187185599720436e+01
3.180319373654443638e+01
2.095447169904070250e+01
2.915214195315254386e+01
1.845641220683673822e+01
1.332663244656682444e+01
2.352377739108268173e+01
1.941698737336135849e+01
3.665236176037596039e+01
3.008395829990237047e+01
3.043545618075417991e+01
4.268579668869167421e+01
3.970745493288043093e+01
4.224433981466082599e+01
4.602935053400053533e+01
3.180663575055282166e+01
1.948433601914080526e+01
2.178107033708086959e+01
4.410927574647407567e+01
3.277489942251732913e+01
3.411115838753513430e+01
2.699190878421065776e+01
3.839816354118669750e+01
3.004793164991448151e+01
2.125616636865247955e+01
5.844605364708288420e+01
3.566202806554655780e+01
3.073897162803603322e+01
3.162708240463538090e+01
3.142302973532488153e+01
2.489643157415945751e+01
2.151321735311906735e+01
3.389264566327678807e+01
3.853280351550025529e+01
2.859054820387549256e+01
2.453559932180080949e+01
3.721894852093893036e+01
2.492043262147998206e+01
2.166510661869883592e+01
4.598629888147771538e+01
2.562934378270031033e+01
2.729461085786527264e+01
3.903422861815155187e+01
2.799647034472152285e+01
4.149241858422990248e+01
4.117125238981693514e+01
2.719441603923436190e+01
3.927563418627530467e+01
2.099944160322549891e+01
2.187246282375175355e+01
5.868638158571067009e+01
3.971570752763792456e+01
2.576254675182570253e+01
3.851485392110671313e+01
1.902528276500076032e+01
3.357777546565440474e+01
2.929518404121929365e+01
1.994878948316706868e+01
3.654358874287330394e+01
4.009511177458991682e+01
3.194140729547194013e+01
2.125685989522875019e+01
3.877736810402128498e+01
2.424690300095650031e+01
5.566957092621233727e+01
5.936255924967564823e+01
6.238129778529431491e+01
2.908125493818865692e+01
2.884285476728660313e+01
3.701447007525617749e+01
1.499361835840260504e+01
3.806360050251711158e+01
6.813408566200470418e+00
2.694916448638812057e+01
3.305332414739245195e+01
5.208929799862104204e+01
2.273515009102202811e+01
4.285206661853370491e+01
5.358272867283877616e+01
2.980156135294060249e+01
7.217876541128324774e+00
3.939217515994780427e+01
2.953907169069807281e+01
2.690999469521954524e+01
3.828343297419475988e+01
6.797926339635252191e+01
3.767974400213503117e+01
3.715260352646239284e+01
4.049975052927984365e+01
4.746772953673038131e+01
2.363045149014418911e+01
2.799822426809637221e+01
5.572461613676622250e+01
3.528647087317286690e+01
3.810148008925286689e+01
3.010604776867184995e+01
1.597030028132257051e+01
2.553516625256636274e+01
4.022040487419928212e+01
3.824812693595369950e+01
3.791133358341263460e+01
2.901905569495149706e+01
4.745013306776657913e+01
3.294126130139877517e+01
2.515026112338599518e+01
4.238005656689662004e+01
2.910620170175038623e+01
2.279449220200014992e+01
3.270433308775141512e+01
5.521033432192967183e+01
5.710936485042960697e+01
3.107284230433710803e+01
2.838870951287227484e+01
2.526986327882578820e+01
3.825269129005561553e+01
5.045092380457335679e+01
6.646503295498244768e+01
2.402611191009176395e+01
2.316201926262689170e+01
8.860255698751549502e+00
3.841286875746879304e+01
4.713888653015830954e+01
2.959760188816451176e+01
7.805407792860025040e+01
5.107687017731520740e+01
4.062948351185249152e+01
3.334295375957415075e+01
3.021742353537612047e+01
6.379701046545400089e+01
4.585984018135288665e+01
4.477195062651886559e+01
6.306646272835580902e+01
4.195905036332325011e+01
5.483387520476772892e+01
3.011071774121594302e+01
5.367326252086612470e+01
6.324668392283066254e+01
2.705238915911046860e+01
2.417149929894360838e+01
4.394730878504989136e+01
3.311811493676523099e+01
3.338342960442073348e+01
3.119089539700581071e+01
2.370457399326331682e+01
6.107509522094513699e+01
2.910629633647820214e+01
3.310124987742019442e+01
4.589702721736934876e+01
1.847529420372682551e+01
3.375964969880097755e+01
4.496359499022715767e+01
2.374985225138350842e+01
2.507525032386055130e+01
2.917538423865038766e+01
7.529485234317538911e+00
3.827901968450881753e+01
4.338902832810938293e+01
3.541181292446852780e+01
4.128769376779316502e+01
2.275591173814174084e+01
4.219576499475228815e+01
3.627601100913002341e+01
2.290756515694271656e+01
5.840708894972762977e+01
2.199772139752038669e+01
2.849927077649393681e+01
5.866909997155644163e+01
1.909534994446655531e+01
4.863830607747430435e+01
2.140915103093416150e+01
2.729393096886800407e+01
4.145703075778376601e+00
3.746853535860540063e+01
2.823182427358656099e+01
3.506438055816712307e+01
2.241517566210023205e+01
4.073371685184260826e+01
2.608777991499569993e+01
2.650828774174427593e+01
1.524196228892545513e+01
2.597878361832891159e+01
4.679031680014642092e+01
6.522942406064204590e+01
5.381421019916583504e+01
4.087066958463935151e+01
4.551696614316360723e+01
2.171841202799992487e+01
3.699565810004394706e+01
2.789379685827591260e+01
2.515125677858829789e+01
3.036929525796127649e+01
5.748667495499469027e+01
5.462880902618196188e+01
4.269849293029889026e+01
2.122490101666365803e+01
2.992966301514606897e+01
3.794844096485729068e+01
4.687244046778388196e+01
4.620206567748416404e+01
4.215425669292559263e+01
3.401192656397352465e+01
3.000810731727397496e+01
1.882041495280008547e+01
3.725361489691254491e+01
6.052603537445886417e+01
2.420635566782757309e+01
3.124711682183711758e+01
3.926717364023854628e+01
4.025406773529905280e+01
3.822556565810977958e+01
4.461549820608995987e+01
2.199182520136437091e+01
2.690633632791544727e+01
3.019569334117851866e+01
3.043408087463372880e+01
3.374360744690468294e+01
2.753503916376126170e+01
1.790058996703520933e+01
2.137328216028608807e+01
1.823986575956813994e+01
4.286607652790066680e+01
4.693963925928871816e+01
2.708905652640878969e+01
3.379485507047851200e+01
1.887306580650984955e+01
1.604198870656849607e+01
3.384117992249203866e+01
2.512100102894586229e+01
5.513341614053759798e+01
3.343792088910506521e+01
1.670748308214728439e+01
4.724025440155903510e+01
3.222704347763359678e+00
3.217290667041677210e+01
6.594801970840596539e+01
2.663047577376112685e+01
2.432305320377130187e+01
3.132351673586347118e+01
2.792356673579620718e+01
1.798587739309245848e+01
2.104657515115632549e+01
4.104343101249749992e+01
2.737669796528890487e+01
5.205236081900269340e+01
1.471374530307396888e+01
3.092655021517921199e+01
3.516120449843602813e+01
4.003890127646942432e+01
4.401979441323353370e+01
2.145177289827542921e+01
6.667488523044731608e+01
2.266816520494230502e+01
4.194496125423980715e+01
3.183011936918537543e+01
2.597618004698312433e+01
2.166093760456802642e+01
3.220873899276360675e+01
2.738168528432932902e+01
2.304791474156751718e+01
3.660504084747477549e+01
6.888699812245845067e+01
4.027829574039898120e+01
4.879619994128452021e+01
2.563557242947560866e+01
3.107609164350107989e+01
4.831875504866476234e+01
5.866262373878068814e+01
6.908571979683087250e+01
4.231962579355077736e+01
4.408168550549819287e+01
1.567290566988426370e+01
4.982317523538235804e+01
5.332818420686677285e+01
2.117778999903804760e+01
3.113216052235767251e+01
1.489382302500844979e+01
2.986984852980085492e+01
4.493796057760985008e+01
4.981937348580307656e+01
4.802739504685509786e+01
2.045311390135534424e+01
7.537091195227968399e+01
5.001088524289095716e+01
3.045524082496839213e+01
2.301578170542065749e+01
1.096737851148423282e+01
4.319847609522556553e+01
2.925535994271276508e+01
2.876050389517620687e+01
4.776662625292814113e+01
4.393112395034446394e+01
3.657309338320234104e+01
2.734554489190772841e+01
3.967944537227108270e+01
2.820653805604367648e+01
2.748906351728418684e+01
3.737371822361134122e+01
