2.310269928014707830e+01
7.473559945803103233e+01
5.455902549209786656e+01
2.383843303396925606e+01
3.187846008383207419e+01
2.789465342258814218e+01
2.523894824539100767e+01
3.920977300211106353e+01
2.380830329151011782e+01
5.251746871548963469e+01
4.665236210034861841e+01
3.273288200755033728e+01
3.394482561800526099e+01
3.101644022386657795e+01
3.763278568140049885e+01
5.864748164591338053e+01
2.000476838123595869e+01
3.133545710055367195e+01
2.107282323944208713e+01
3.128829389670402605e+01
3.475384729141322993e+01
2.295010698685487327e+01
1.521723813651641244e+01
4.593299349593698899e+00
2.711285804614381334e+01
2.226341755652656929e+01
4.909462243175767782e+01
1.602110034953586748e+01
1.714643744982698337e+01
3.614627522199615584e+01
4.494602006937614647e+01
7.076761090446065339e+01
2.727095009027030059e+01
1.206636281354152906e+01
1.965961969064601078e+01
9.189718914282780204e+00
2.355553963564351960e+01
2.178481703531323177e+01
2.268124098607723482e+01
1.941972665352328420e+01
3.470131281234043996e+01
3.324667310768270312e+01
4.824748295462479319e+01
2.430484764937776987e+01
2.898258150661339982e+01
4.187564633477528986e+01
4.813990739263567065e+01
2.230963033292503184e+01
2.059628482767779190e+01
2.865528290884283535e+01
3.042715935433226804e+01
3.209921184887654277e+01
2.700140642766478294e+01
2.951906887021543113e+01
4.736690101649863038e+01
4.013009629864345840e+01
2.651144424529234200e+01
5.525136616809062673e+01
2.335265872149704336e+01
3.783166234782423487e+01
3.540245800564651546e+01
2.129423031573893610e+01
4.166389816405773416e+01
4.323708514403738690e+01
4.281472996653059937e+01
4.083611629932202902e+01
2.352676495266884160e+01
3.152909376959586751e+01
4.780300224147329402e+01
3.894313023999400514e+01
2.896815062134978191e+01
2.682577701272998993e+01
2.135705215699688253e+01
1.616890626843128587e+01
3.274460705744547084e+01
6.231592292341289863e+00
2.388874232925358498e+01
1.769829666049975714e+01
3.503659687096943287e+01
5.094369836754783165e+01
2.344898144222663561e+01
2.155137911218091062e+01
3.044596224763564862e+01
2.450913301785674747e+01
4.671134997562946722e+01
4.153738059151731932e+01
3.300011599511442029e+01
5.163290093241121070e+01
3.083293919339423539e+01
3.017328135244870779e+01
4.844488610964337738e+01
1.454540293283787200e+01
3.776536395895350040e+01
3.567714387781432350e+01
2.426539327054959827e+01
2.189650542680956136e+01
3.515749000225765286e+01
6.600726615042830758e+01
2.817305146086469136e+01
7.296517759618582843e+00
2.037435633787663392e+01
5.995795129964989911e+01
4.365228795613322887e+01
2.654248281592106196e+01
3.091945715778840409e+01
4.956989599815781844e+01
2.817947330455886856e+01
2.864249485804756290e+01
2.865924402700101581e+01
1.203505617346984202e+01
1.883556744175158570e+01
2.896272044553364822e+01
8.902104534807927294e+00
3.587284059292849037e+01
1.720292298184685365e+01
1.649566188995096638e+01
3.873486922210011585e+01
3.219378166541968511e+01
1.332649634815864381e+01
3.247295976508596738e+01
3.512472505185846217e+01
3.739344232278535429e+01
2.678491100142498738e+01
4.942690492264305391e+01
2.442206120965195026e+01
3.398428705744350253e+01
5.097056571632586497e+01
2.909131584520314817e+01
2.244138801533200223e+01
3.161467219974777976e+01
3.900195834884662105e+01
2.914220096820320549e+01
5.882470181271575171e+01
6.344647918016348598e+01
3.806301308152720253e+01
2.519507016801444621e+01
3.711472812260358722e+01
2.909632343620350170e+01
1.553805586062486732e+01
2.677382613578063797e+01
1.449939774973618434e+01
1.076608617351191732e+01
2.310821090683572265e+01
3.484245397194212046e+01
2.132441905292055395e+01
1.200222413452848436e+01
3.047668912407000619e+01
2.310444653231106571e+01
3.403420228462064756e+01
5.179802757320819495e+01
3.152523544406435718e+01
2.279918374574354800e+01
2.241523778633242614e+01
1.871807871409918533e+01
3.678880644442605785e+01
3.334119335389839733e+01
6.171416208466282427e+01
2.348240743907943440e+01
4.168779418135012094e+01
6.136935921337023103e+01
1.713954578179326660e+01
3.621936315041174481e+01
5.660014883951183151e+01
4.420929673732612031e+01
1.115539855525949342e+01
4.829458473945378216e+01
7.445054812044367054e+01
3.506904030678263240e+01
2.516140596066738766e+01
7.746360167883251790e+01
1.404462198309005672e+01
1.623550861226001985e+01
2.339025457479296222e+01
3.414899570434409526e+01
4.290764418055540830e+01
1.806312785278750255e+01
5.743711894209616986e+01
2.127089785703132208e+01
2.004106313318393617e+01
8.117114866075159085e+00
2.244023464434046744e+01
6.292755013197534453e+01
3.956525159214377396e+01
3.273970131913960557e+01
3.026458453402839410e+01
3.629826128466552859e+01
3.946406051819391081e+01
1.086965448783032073e+01
2.463994346596564355e+01
3.802691000863966764e+01
2.276185918883177450e+01
2.294184019981155132e+01
3.565655364969665442e+01
7.097028614696223769e+01
4.962169374830263990e+01
5.668260897001929521e+01
1.570025901279112013e+01
5.127530127545992400e+01
2.370190114337411202e+01
2.367104285901827154e+01
4.204884039400970863e+01
2.784430569640631958e+01
2.484218240495135177e+01
2.849641633299270893e+01
2.240929031135141258e+01
1.846370051383313182e+01
2.893626341268053892e+01
1.466138851784572594e+01
1.779701099051696644e+01
2.801402013529820323e+01
1.274749119355869631e+01
1.935266091455486404e+01
3.886686250852141455e+01
2.202338093711145461e+01
4.280760197075115769e+01
3.412348316468969500e+01
3.727040349886535608e+01
4.782019228846905179e+01
3.124963197777864110e+01
2.170762439383150877e+01
1.364208390223956791e+01
4.415748905265515845e+01
3.042935141414620404e+01
3.447340974143095593e+01
2.505227528646358692e+01
2.653046106882946020e+01
3.936394156998839122e+01
2.130150975278339942e+01
5.774361430185858524e+01
2.771399735295471345e+01
2.363573552227081009e+01
2.870698313008008284e+01
2.921613955781767658e+01
2.589416033843501097e+01
2.109744219160606349e+01
3.023650163484406050e+01
3.104271703286996953e+01
2.719805975054380554e+01
2.925005672064497020e+01
4.016470404423134255e+01
3.374702731735521155e+01
1.889902109238533967e+01
3.151701948763671624e+01
2.850424690129291250e+01
2.501980411057998666e+01
3.739104636057539466e+01
2.901459771044104485e+01
3.658720742028030770e+01
4.238075362773371779e+01
1.697691734333848146e+01
2.699247232479839553e+01
1.801907809946747818e+01
2.824955335449857330e+01
5.302703395831246524e+01
3.172592116451573929e+01
2.340638796917280473e+01
3.119858050282362427e+01
1.369714630978320535e+01
3.145764004394233027e+01
2.134177819834904000e+01
1.959518284836985202e+01
3.545942150441454288e+01
2.961483385872505991e+01
2.186154770583964080e+01
2.846095062992110769e+01
4.059629161714244816e+01
1.783963477428770261e+01
5.605767483812137897e+01
3.690485428671222223e+01
5.372599413351168351e+01
2.009369251143232304e+01
2.539750599008861442e+01
3.546374556199081240e+01
2.477296591125811531e+01
4.189597776499607562e+01
3.650697882831670960e+00
3.130129531488560701e+01
2.680161701966470389e+01
5.525401067044308689e+01
2.257903537189875109e+01
2.460496561866727916e+01
4.551619948833541685e+01
2.111317169736755517e+01
5.213936692743224910e+00
2.738709735491310937e+01
2.449676271460123544e+01
1.516904661122501530e+01
2.659281324833083460e+01
6.943488994037851114e+01
4.467921988024821189e+01
2.412658558783343210e+01
3.390354063143229979e+01
4.000737917599463600e+01
2.589284461308372798e+01
1.746146143202802747e+01
4.223595078349891452e+01
3.347302938796043748e+01
4.596132716622853565e+01
3.177947318069718818e+01
1.982026823777804481e+01
2.517510801025315814e+01
3.190416194117347715e+01
3.237047654150382670e+01
3.458112011314076994e+01
2.234188935832339951e+01
4.446934310374598454e+01
3.052712869534629547e+01
2.652215606948974624e+01
3.747896089111381457e+01
2.778800507251837715e+01
2.001627256442401404e+01
2.288390633349995085e+01
3.839338282504878208e+01
6.312308034725172234e+01
2.524880795564109448e+01
2.855401807890699217e+01
3.055942192444401329e+01
2.782147638762338104e+01
6.183604466699844693e+01
6.220576989200534967e+01
2.645532775360975108e+01
2.586074274027973985e+01
1.114583431893943732e+01
2.455269505336995195e+01
3.692929720683604700e+01
2.643962923772455653e+01
7.886817722587613844e+01
5.904927490100060794e+01
3.644125108845266681e+01
3.303716043038149763e+01
2.854107029101353277e+01
6.502244547604034608e+01
4.730062417782809092e+01
4.263354844781186870e+01
4.505860661832475245e+01
4.531848687838956380e+01
5.251334083311143530e+01
2.793633580967975405e+01
3.984296826547024040e+01
6.723583664514646330e+01
3.067941585357666767e+01
2.294430163323659144e+01
3.402966478098127112e+01
3.016586612076230267e+01
2.808076091200747015e+01
2.178348218058808428e+01
1.942299270687614765e+01
6.223043079256105869e+01
3.271049072144386116e+01
2.890439840665289850e+01
3.948265115382712764e+01
1.773098566375473339e+01
3.195069985142518476e+01
3.629790966740816316e+01
2.694684618375411489e+01
1.942448228599689486e+01
1.932396767333370491e+01
-1.923603381509225718e+00
2.988743370786930598e+01
4.338919033148521720e+01
2.828767206493340325e+01
2.946715894704885130e+01
2.191894349449120938e+01
3.139269552874626612e+01
3.869018961075470031e+01
1.752948847601357585e+01
4.387172688556278644e+01
1.968687300497880699e+01
2.638817356854433882e+01
4.959137849205622928e+01
1.257244756264277896e+01
3.953645667186443546e+01
1.801923700175114007e+01
2.573311699415754106e+01
8.166340180618446354e+00
3.375203471464395477e+01
1.879898200107860262e+01
3.517606449337734631e+01
2.366051420420728135e+01
3.981221646383944091e+01
2.145084138069528734e+01
2.545527121059124909e+01
2.165679933263444212e+01
2.016172119795270845e+01
4.295420748574111514e+01
7.172964331980251984e+01
5.619554606775133720e+01
2.135201034816063981e+01
5.156172191804684957e+01
2.135272133175756792e+01
2.360884924304485821e+01
2.183361419876482756e+01
2.302497496979254166e+01
2.482038516170121056e+01
4.822420570128995365e+01
3.825107864086213283e+01
2.414625896179398623e+01
1.623874647526572090e+01
2.962294670770504723e+01
2.768342851151209771e+01
3.784318401294734002e+01
3.561788991314356423e+01
4.034872419081300166e+01
2.750068547048160639e+01
2.373785230766443277e+01
2.158086476082666394e+01
2.755744072494180941e+01
6.201790956028600732e+01
2.549509770360450744e+01
3.263463638821121293e+01
3.880571291850375104e+01
5.425544859163041167e+01
3.313505532687913302e+01
3.127751305121805103e+01
2.397889394639843275e+01
2.755857750225957403e+01
1.691525917099875187e+01
3.897134212082779925e+01
2.726384603469935186e+01
2.721796275671590593e+01
2.666179390474081856e+01
2.064400136008368847e+01
2.357242076696970656e+01
4.180375126751836490e+01
3.938499756897373771e+01
2.280985186817314769e+01
2.965217122270609806e+01
1.399737657692507931e+01
1.965772918925416590e+01
2.339303792063585163e+01
3.092054586084540091e+01
6.486957087397826172e+01
3.936520857456570610e+01
1.826993179939701761e+01
6.311039531114432322e+01
3.135680290081760191e+00
3.406846930669572515e+01
5.569233422024945668e+01
2.294270699626508048e+01
2.358944415264249272e+01
2.782355968262617196e+01
2.546308899205409659e+01
1.004761002540418602e+01
2.603247712949954717e+01
3.085841599314201389e+01
2.717557820442050343e+01
4.038212225028647850e+01
1.139407071138380623e+01
2.977727561745104623e+01
3.140272537109016326e+01
3.648106754587341527e+01
3.510041140726491449e+01
1.266880334884284665e+01
6.295410364027971895e+01
2.695231637572454275e+01
3.188195800399569890e+01
2.331938435393744768e+01
3.038588844431066249e+01
2.093526677297433380e+01
3.799480787893111966e+01
1.816926445427535342e+01
1.931897661410256717e+01
3.856481297140333453e+01
6.421521914695598809e+01
3.848872134209414497e+01
3.335376081468324827e+01
1.811298752945888424e+01
3.099479419350920750e+01
5.913880844836684503e+01
5.450400781689790364e+01
7.853869072707423982e+01
2.906409066375244876e+01
4.397613081921667089e+01
2.097729768649571724e+01
4.683967751655455203e+01
5.195721809886401132e+01
1.595341330491846144e+01
2.417006043799663928e+01
1.045270782103100338e+01
2.576247984138047542e+01
4.212431464678770254e+01
3.499165150100261457e+01
5.277793713019286059e+01
1.648419724648116613e+01
6.267551595813267085e+01
3.424816825509452656e+01
2.575710815258297259e+01
1.973507773446753788e+01
1.220335396710381204e+01
4.109627150422606690e+01
2.179188975321994803e+01
2.453244699517522420e+01
4.218186741792867878e+01
3.595831069414401071e+01
3.455974024291393931e+01
2.422199040629322297e+01
4.066089755366414948e+01
3.968678643384377125e+01
1.956773973137150335e+01
3.072317416783279853e+01
