2.647128430220647743e+01
7.622092118341269895e+01
5.408500021999264362e+01
2.241484943306043931e+01
3.350991962478081376e+01
2.894436493500553809e+01
2.832268237146274714e+01
4.028594425554666003e+01
2.282754714736889667e+01
5.294537729748353883e+01
4.527987766927167712e+01
3.390059203874226768e+01
3.530945943813727439e+01
3.100217331812778099e+01
3.889612963241688703e+01
6.186695536949577701e+01
1.905030646048956555e+01
3.217594772676919490e+01
2.402775134553611736e+01
3.044078456106072395e+01
3.236804016895278835e+01
2.863075143972697134e+01
1.738401088049109688e+01
9.647484538223487505e+00
3.107107575286462264e+01
2.512994104251131944e+01
5.026478483202332370e+01
2.322969409215813386e+01
1.885924237883131127e+01
3.683642414092569339e+01
4.559549134095914980e+01
6.768251091778243733e+01
3.180251121992706942e+01
1.385527595615219454e+01
2.434011362496362096e+01
1.462303165292798290e+01
2.569820323552350771e+01
1.999934014631735124e+01
2.574870372382063977e+01
2.285135390139047473e+01
3.063652367045840919e+01
3.331634182512917874e+01
4.540428784889733294e+01
2.729791717500827275e+01
2.941318201061790205e+01
4.397407143766229609e+01
4.598740782706889263e+01
2.319265516664071924e+01
2.071147235069506110e+01
3.147995372225457800e+01
3.414558126020780549e+01
3.023121841045963976e+01
2.750001397067956788e+01
3.328363404191119201e+01
4.939655947453872642e+01
3.825988780984304327e+01
3.007765482283565461e+01
5.365874251567063880e+01
2.420179783143566965e+01
3.730508799132699238e+01
3.790430715268977480e+01
2.433573417523113136e+01
4.367556515809295803e+01
3.913220402300658662e+01
4.380853484630733874e+01
3.935015256186125043e+01
2.704256409507653558e+01
3.137337638311176136e+01
4.792690005134696918e+01
4.028073314572483099e+01
3.035662390205282435e+01
2.683731295748306422e+01
2.430415202173725930e+01
2.248813539041442056e+01
3.313777819328882401e+01
3.377031753280310689e+00
2.422519607290075783e+01
2.130200467451039970e+01
3.145225005686410213e+01
5.190562706529713921e+01
2.684888186313236247e+01
2.231852072430625356e+01
3.116957138982204611e+01
2.568937068171319282e+01
4.315104849179383706e+01
4.185535807453059221e+01
3.471665464119760003e+01
5.456297720318045918e+01
3.233265400972965153e+01
3.093950904029345850e+01
5.197387014320826637e+01
1.850697375173955805e+01
3.904231340764834357e+01
3.656744969898512210e+01
2.366567511853519079e+01
2.593387039563587848e+01
3.848011776573935805e+01
6.860805949352047151e+01
2.863825827177787176e+01
9.238435661738389371e+00
2.376492728033607449e+01
5.852851946501458968e+01
4.548266586974407488e+01
2.849362634259095017e+01
3.151814467752667070e+01
4.890238671951004079e+01
3.011385479042907320e+01
2.875790624589336630e+01
3.289054100314036333e+01
1.620721377613552505e+01
2.439282209132675661e+01
3.188932189443359988e+01
9.597001740940868331e+00
3.500786320909836746e+01
2.225176806015263509e+01
2.089837918720228771e+01
3.678800433190534136e+01
3.279002663245335469e+01
1.520198073948235695e+01
3.674582539159047201e+01
3.710890381131056159e+01
3.892977151186152440e+01
2.401606265641303395e+01
4.851321314380328431e+01
2.510332857765870784e+01
3.374772986772271821e+01
4.773439731266730490e+01
2.988495973250746118e+01
2.758166829660684272e+01
2.874391875629319770e+01
4.184487302550738974e+01
3.012813856295073833e+01
5.616674350994698983e+01
6.637703510302593202e+01
3.675979406440200847e+01
2.631352829802803228e+01
3.880994068472632108e+01
3.241691473369410659e+01
1.972957426416162008e+01
3.066374698063035709e+01
1.997298895219604020e+01
1.426246282299111634e+01
2.832623577317250607e+01
3.140558415059523156e+01
2.611700864137822009e+01
1.256404312402879242e+01
3.549130805346255357e+01
2.579633950600911163e+01
3.604024559752338774e+01
5.138672585834756035e+01
3.148433991951204547e+01
2.690407991310856062e+01
2.663644421954588637e+01
2.407825520295875776e+01
3.828092199711825572e+01
3.728192815413962080e+01
6.392563495802132678e+01
2.847847066686293260e+01
4.181805215372200024e+01
6.331953046643548788e+01
2.010080206126210101e+01
3.631591274470495279e+01
5.512681905469148802e+01
4.574024310690248996e+01
1.788307400014025461e+01
4.775002890578019077e+01
7.829053225851988884e+01
3.794894126999420791e+01
2.732424942427845593e+01
7.513181093732097793e+01
2.104646361378181751e+01
2.156710375245516786e+01
2.329525866830132230e+01
3.518945024663918986e+01
4.412143416906205573e+01
2.252174129421820226e+01
5.635738129578473377e+01
2.420746605691130071e+01
1.700116973035319035e+01
8.044633176493455551e+00
2.734246372925395008e+01
6.275900367302200067e+01
4.060558382583379000e+01
3.148333214383169576e+01
2.741853250071726222e+01
3.614125036077708586e+01
4.131019664386167989e+01
8.575647693584560471e+00
2.666202574878127507e+01
3.938746124954446515e+01
2.679428641244862064e+01
2.612795848703537160e+01
3.540922584704859588e+01
7.441481760480178309e+01
4.976451270967603335e+01
5.859066865332228957e+01
2.173902864917587152e+01
5.283095752106554954e+01
2.725778853320531425e+01
2.648384906673965844e+01
4.250327095502279207e+01
3.104736040734564284e+01
2.649055533926564721e+01
2.859980711943106968e+01
2.695226153982090267e+01
1.864196957653965825e+01
2.938949956059950352e+01
1.924371115754609463e+01
2.386596408161942406e+01
2.872606979393360405e+01
1.701681490403139918e+01
2.325669850232369384e+01
3.994887936435574005e+01
2.514099279008329546e+01
4.370618896205524351e+01
3.500982955303577882e+01
3.731577522802361813e+01
4.848813423859264304e+01
3.224993802885882133e+01
2.573112154100441273e+01
1.524108153583667580e+01
4.530041772338421424e+01
3.488100737978521693e+01
3.660211728118611774e+01
2.597357509555686761e+01
2.982129527704194061e+01
3.784140403621929494e+01
2.352605076482011981e+01
5.595961635746679264e+01
3.199200309681256726e+01
2.632215174567075877e+01
2.898903544562764267e+01
3.277043546469635515e+01
2.643882794096806776e+01
2.224387684981762447e+01
3.343166768741827610e+01
3.424774333442813656e+01
3.027898590461163764e+01
2.922757304594880168e+01
3.900192694044029196e+01
3.155974829851257368e+01
1.802411273375835776e+01
3.386926225461778728e+01
2.731316293345792445e+01
2.615946654904035285e+01
3.862065519862201057e+01
3.069520415330131868e+01
3.816854182255734429e+01
3.577146532896703235e+01
2.245730119733202912e+01
2.783452717385629427e+01
1.934513129038294466e+01
2.651369933530227740e+01
5.171927293170340079e+01
3.449172997167877242e+01
2.700789495820983177e+01
3.512125645201668789e+01
1.811759133159056745e+01
3.455793018214530576e+01
2.790137776989205776e+01
2.400173926240314870e+01
3.731522189896293895e+01
3.098532643133888342e+01
2.423795307946082289e+01
2.748086965038927332e+01
3.995229957762419559e+01
2.304411910087300441e+01
5.543029227054311292e+01
4.003695814346350090e+01
5.533207396104747744e+01
2.364354311380123619e+01
2.765589433724815649e+01
3.892666018415745555e+01
2.340311470923401060e+01
4.070099987914525030e+01
4.176815020934340872e+00
2.913787758036324504e+01
2.916491643268404488e+01
5.416247992895537777e+01
2.517881175207548239e+01
2.926288770356705982e+01
4.729252483716795297e+01
2.801435924829909396e+01
4.412670068070321250e-01
3.078668755015026193e+01
2.639909021142869250e+01
2.215232620035049393e+01
2.994655044323072701e+01
6.905132413410876779e+01
4.278285892324265660e+01
2.651489002838412290e+01
3.378363736738264578e+01
4.035509342226050222e+01
2.945994067547714934e+01
2.342831815264819539e+01
4.362862092548771642e+01
3.633977148687930026e+01
4.443666399910231490e+01
2.944118105433076948e+01
1.857183440523842677e+01
2.408913328709304125e+01
3.587741884585221186e+01
3.259635147516482334e+01
3.204491226580654484e+01
2.330575268811873713e+01
4.565121165460634245e+01
3.116066268578641285e+01
2.868813332172508979e+01
3.806303886465876474e+01
2.669378537382281991e+01
2.477654739188403710e+01
2.871800948892595784e+01
4.054818143793825413e+01
6.080151795996007280e+01
2.704894701718675520e+01
2.917334204442764189e+01
2.556994150087044204e+01
2.998761007636876741e+01
6.025565669880092656e+01
6.597605894320227549e+01
2.899530478625808882e+01
2.804896522694090066e+01
1.154841532393117198e+01
2.993424517866397139e+01
3.915233086959147357e+01
2.799518977967276356e+01
8.289546048731726557e+01
5.670391392125368668e+01
3.363849205004209608e+01
3.308587789154490366e+01
3.215388267993876781e+01
6.660364677500362518e+01
4.569292386055089139e+01
4.266538705363578998e+01
4.621568598509063008e+01
4.620790118846739603e+01
5.181913054796880402e+01
2.850030824983902988e+01
4.144334298730159105e+01
6.657195055989399179e+01
3.106503347471845444e+01
2.679019040914800343e+01
3.794018612798450363e+01
3.389841576724972327e+01
2.872639471771270792e+01
2.513721877201537325e+01
2.105196043813453599e+01
5.950570367078125145e+01
3.230824107271925527e+01
3.045071032449148873e+01
4.132400671194586295e+01
2.455487005762200425e+01
3.292273494183370275e+01
3.879249904560447959e+01
2.950846042160619476e+01
2.414672365540260301e+01
2.241349848344513873e+01
-3.914457783476493091e+00
2.926580982089912197e+01
4.343056068120670687e+01
2.591257330508132384e+01
3.301768998653951570e+01
2.684286279081889148e+01
3.411511126395581073e+01
4.100816279629651007e+01
2.255146837611784605e+01
4.465415128913358700e+01
2.587741982323625933e+01
2.829788502424957386e+01
4.821030706903324159e+01
1.895141511048997529e+01
3.797698635744803397e+01
1.795855497265218048e+01
2.861514151259260785e+01
9.064072277366499009e+00
3.342033733277143881e+01
2.344730952429486592e+01
3.681976786296706194e+01
2.636778735976040622e+01
4.301856297575775301e+01
2.371270078630779921e+01
2.720890733410304563e+01
2.023496153722977198e+01
2.140593845162143083e+01
4.329776189435330735e+01
7.427786253477496814e+01
5.513071906254911170e+01
2.673285366852500999e+01
5.035324934865374047e+01
2.465573569278971888e+01
2.614440229995098974e+01
2.615251690045131028e+01
2.086941544844491148e+01
2.660848812896596627e+01
4.972047443758450669e+01
3.863049393279455757e+01
2.699828909854216619e+01
2.026380478296071175e+01
2.710874288413193511e+01
2.698879276644474601e+01
3.973611724296068104e+01
3.670865970835829728e+01
4.166287452566024996e+01
3.091637656210760809e+01
2.937667437989736641e+01
2.510642281723524150e+01
2.817768706656377020e+01
6.195709810971334974e+01
2.889141566577644937e+01
3.277147427886058750e+01
3.898339038774532384e+01
5.244446753933468841e+01
3.346543593126893512e+01
3.479406338280001876e+01
2.290957643300774293e+01
2.985322840921394771e+01
2.308646797381901195e+01
3.523049639149749623e+01
2.902731940773021790e+01
3.011118721211741445e+01
2.802999097409800555e+01
2.235840509687125888e+01
1.966231583624040269e+01
4.321952913207476143e+01
3.965485057773891953e+01
2.367744484249826797e+01
3.104189225098821225e+01
1.902580406874042040e+01
1.977065199658278516e+01
2.735680792110900938e+01
2.792948623790000795e+01
6.270242209621907392e+01
3.702100338785894706e+01
1.981520563870240892e+01
6.140245408458413579e+01
6.952893357978053857e+00
3.551976903451741663e+01
5.736936565340070615e+01
2.423279914539612179e+01
2.599656210412783963e+01
3.055209657303003468e+01
2.679817775012084979e+01
1.687774338859974677e+01
2.843976858603792834e+01
3.492791539575429738e+01
2.767340941116681563e+01
4.328178493879556044e+01
1.789195674751608323e+01
3.054254425002508810e+01
3.403638021724263041e+01
3.501065277773996343e+01
3.870301797714176217e+01
1.934997506544680590e+01
6.605084293018090591e+01
2.831738137019743107e+01
3.368308029839901252e+01
2.151708859183049327e+01
3.250630228211475270e+01
2.112674500664228816e+01
3.322402828488402804e+01
2.269171379561029056e+01
2.433389320517767374e+01
3.853601548231724649e+01
6.636997077266120471e+01
3.889860990307193589e+01
3.498553551363930580e+01
2.432973203444264243e+01
3.108130265100772505e+01
5.690540969744869670e+01
5.364208901783889871e+01
8.401882228082284598e+01
3.198115873558905520e+01
4.559876931844015502e+01
2.033492981552606693e+01
4.621985153343140240e+01
5.281009079790288041e+01
1.922104241591536322e+01
2.741213145552129049e+01
1.278217927601791537e+01
2.919541967212552436e+01
4.383865406521533004e+01
3.752670435091091150e+01
5.031067695965416675e+01
1.779329412851518555e+01
6.541611733550981000e+01
3.576699784388523540e+01
2.952776766104446438e+01
2.405614421912365231e+01
1.486364145597960018e+01
4.242547724650280117e+01
2.470646627696128661e+01
2.555494418591347028e+01
4.165860437251080128e+01
3.810559955194983672e+01
3.517217595369285021e+01
2.784236715883141500e+01
3.882271125093328834e+01
3.346948558499925497e+01
2.536292695071082903e+01
3.337531286584519563e+01
